06 09 12 13 33 39 21
16 21 27 30 31 47 35
02 04 25 26 34 43 41
18 19 28 29 30 34 12
14 15 20 29 32 39 43
13 28 29 32 33 34 43
02 06 13 34 40 44 14
22 29 34 36 44 46 37
04 06 11 22 42 48 23
17 22 26 29 37 43 31
14 17 20 25 43 48 15
01 02 26 31 39 40 38
07 13 18 19 25 37 14
04 21 25 32 37 43 02
03 06 17 23 28 32 45
08 12 23 24 45 46 36
01 11 17 25 41 45 32
12 15 22 23 41 48 17
08 12 17 18 19 34 37
08 14 21 22 30 31 48
01 02 07 26 38 43 04
06 16 20 25 33 46 12
02 12 14 30 41 46 29
11 17 21 36 43 49 05
11 13 15 21 35 38 37
03 07 42 45 46 49 08
16 24 25 26 39 44 30
05 14 26 38 41 43 04
24 25 26 30 36 48 45
13 14 20 30 37 45 01
13 17 19 26 39 45 11
03 11 19 20 22 28 13
22 25 29 31 34 46 49
01 10 13 33 34 46 07
03 09 13 28 40 48 39
06 27 40 44 45 47 11
03 04 10 23 25 26 33
04 10 11 14 32 36 09
02 04 18 20 32 49 30
06 28 30 34 43 46 09
01 16 17 30 36 49 44
06 22 27 34 42 44 36
01 17 30 31 32 45 33
01 04 31 32 34 35 33
06 15 25 37 41 49 03
02 10 16 22 30 33 41
05 12 41 43 45 46 33
05 11 30 34 44 48 40
06 09 11 17 22 36 44
11 17 29 36 44 49 33
12 17 19 22 27 42 48
06 10 11 16 29 44 37
07 19 27 31 42 46 39
04 05 07 13 24 30 49
03 04 08 25 36 42 32
02 05 32 38 42 49 44
02 03 07 26 30 49 06
11 15 24 27 37 46 01
01 15 28 38 41 42 24
20 31 33 40 42 46 30
03 11 19 21 40 42 14
13 14 21 24 27 30 20
05 17 19 26 28 43 25
11 16 27 33 34 40 07
05 06 11 16 19 42 10
10 22 31 32 41 48 24
13 29 31 38 45 46 43
14 31 34 37 42 48 29
04 22 28 29 44 47 32
09 16 18 32 41 47 46
12 25 26 31 36 42 29
07 13 14 20 21 49 34
08 10 11 21 23 44 42
07 19 26 37 38 46 29
05 06 08 09 10 43 13
01 15 16 33 35 48 10
26 27 40 41 42 43 28
07 13 15 20 22 47 19
12 15 21 23 25 35 24
03 06 19 22 31 32 05
01 07 10 32 42 45 26
04 23 36 39 45 47 25
10 21 23 25 38 42 33
03 10 20 21 24 48 26
06 13 30 34 38 44 48
10 12 13 24 31 40 47
01 10 25 28 38 49 23
23 26 31 33 36 38 21
12 24 25 27 34 36 39
09 12 17 28 40 43 13
08 11 14 17 23 33 30
07 11 20 38 39 45 30
02 14 27 28 44 49 30
03 04 09 10 27 31 26
04 12 23 30 35 48 46
05 16 23 28 38 47 49
02 08 11 12 26 35 47
16 28 35 44 46 48 26
05 15 24 37 38 39 06
02 12 18 22 34 36 08
03 04 13 26 39 42 18
03 05 18 23 40 45 41
01 08 16 22 24 30 14
03 18 33 34 43 49 02
05 10 27 37 39 46 08
06 23 39 45 46 47 18
01 03 14 17 36 49 10
01 02 15 21 31 35 33
07 14 16 38 45 49 25
01 23 26 27 33 41 18
14 17 30 31 36 47 28
03 25 39 44 45 48 13
02 17 31 35 37 46 03
07 08 19 30 43 48 49
11 31 41 44 47 49 25
19 26 28 33 38 46 48
05 07 24 26 30 47 36
12 14 21 23 25 30 03
06 11 21 22 35 41 27
02 04 36 41 42 48 34
14 21 25 27 43 47 05
25 28 31 32 34 36 43
01 06 16 34 36 40 38
01 03 16 31 42 48 23
05 12 19 21 33 42 09
07 10 12 22 30 34 08
02 05 06 19 38 45 01
07 10 23 44 45 47 38
01 02 09 25 28 44 42
20 22 28 38 41 47 25
05 15 28 29 33 40 26
05 15 23 29 31 44 17
02 06 09 24 27 45 49
18 20 25 36 48 49 21
11 20 40 41 45 49 36
04 05 22 33 36 43 26
01 16 25 34 36 38 41
04 05 15 20 29 39 34
01 03 29 35 43 47 40
05 14 18 34 44 47 10
01 02 07 09 16 29 15
15 28 29 31 32 47 18
01 06 11 37 41 44 04
02 04 14 24 27 46 28
02 08 09 10 21 31 44
03 09 16 18 41 48 22
04 08 11 15 16 25 43
04 15 21 30 41 46 48
03 04 09 10 28 45 37
04 06 13 22 30 44 05
09 14 25 31 36 46 40
08 12 16 25 28 45 49
04 20 22 28 47 48 43
04 10 18 34 40 43 03
10 17 22 37 43 49 08
02 04 05 09 35 45 48
02 15 17 31 32 38 11
06 12 21 27 36 48 18
01 11 14 18 35 43 25
03 22 31 43 46 47 14
07 11 13 25 30 40 06
11 22 26 28 33 37 42
05 12 25 27 41 44 18
09 14 24 27 37 41 12
02 13 16 36 44 47 21
09 20 26 29 40 41 21
24 28 37 38 43 45 18
09 20 22 31 45 46 03
13 15 33 37 38 41 47
03 08 11 36 38 49 19
17 18 23 24 25 28 41
02 04 06 21 25 46 28
09 10 36 40 42 43 41
06 12 20 43 47 48 41
05 08 22 26 27 44 10
03 10 11 36 37 45 29
04 24 28 30 35 39 19
04 15 23 41 44 45 46
03 26 29 38 43 45 28
02 11 35 37 48 49 05
04 18 26 37 41 44 06
01 08 19 23 38 40 05
03 15 16 25 40 48 18
02 08 24 28 31 48 15
06 11 23 29 45 49 26
03 11 26 43 46 48 05
27 30 35 39 43 47 25
11 13 14 21 42 47 22
07 08 17 22 27 44 28
06 08 23 26 28 36 37
05 10 22 26 31 48 41
06 08 17 19 30 47 23
16 17 23 32 42 48 02
04 07 19 30 36 46 48
02 13 29 39 44 49 35
02 03 04 17 27 39 15
07 13 23 33 34 42 30
09 11 30 41 47 49 04
02 14 23 25 26 40 06
07 30 38 39 40 43 13
25 31 34 40 41 47 15
13 18 26 28 35 48 42
26 28 29 30 36 37 18
07 16 32 39 45 49 30
03 20 21 22 26 27 25
12 22 24 26 27 47 40
01 02 07 08 27 45 19
06 07 10 13 31 39 18
06 15 22 25 35 41 32
18 23 26 38 39 48 45
08 20 22 39 45 46 31
07 11 22 24 28 30 35
04 12 15 19 26 31 41
03 11 18 20 21 26 24
01 11 16 21 23 40 10
10 29 30 32 43 47 35
04 05 13 26 32 42 46
02 08 12 20 26 33 13
11 15 18 25 29 49 05
12 21 34 37 38 39 27
03 15 21 23 36 49 10
05 06 18 23 26 29 16
02 14 18 21 37 43 13
07 12 16 17 19 33 39
09 17 18 27 36 42 10
05 08 24 31 32 39 04
05 07 09 15 31 34 38
06 13 15 17 18 22 03
04 21 25 35 39 42 45
03 09 18 42 45 46 05
12 28 30 40 47 49 03
07 23 28 29 38 46 14
05 08 09 15 29 45 18
12 17 26 31 35 48 40
06 10 11 32 34 39 07
05 23 36 38 40 42 01
08 10 16 22 37 38 14
01 23 25 37 39 45 21
04 06 14 16 20 41 02
09 13 15 27 34 42 02
03 09 19 40 44 49 04
09 12 30 33 42 49 04
03 16 24 25 40 43 48
02 03 19 26 27 41 07
05 08 18 26 38 42 02
02 12 19 26 34 46 38
08 20 35 36 45 46 44
01 23 28 46 47 49 06
11 20 31 38 42 46 37
01 15 20 37 47 48 38
02 09 15 16 22 49 07
04 11 34 35 45 48 24
04 12 15 37 41 42 19
03 04 15 23 26 47 12
08 11 12 32 38 45 24
01 25 35 37 44 46 43
03 08 14 18 19 43 29
01 18 31 39 41 47 44
01 20 29 30 35 39 43
11 15 17 21 23 31 09
08 09 14 19 20 33 29
14 23 24 41 44 47 10
01 06 09 16 42 44 03
06 16 24 34 42 43 23
11 20 31 34 36 38 15
07 30 37 41 43 49 10
14 16 25 27 42 49 44
04 36 37 42 45 46 01
12 28 29 35 37 42 08
03 20 21 42 44 46 25
04 08 12 20 22 39 48
03 09 16 40 43 48 42
06 10 19 27 32 41 43
18 23 25 28 35 36 16
16 20 24 30 38 40 06
10 11 14 17 21 45 19
17 24 34 38 42 49 30
05 06 25 33 38 49 47
02 05 27 30 33 48 19
11 12 15 28 43 48 37
02 08 11 14 15 21 31
01 10 37 39 43 44 35
01 09 21 39 40 41 46
06 13 20 21 33 40 26
02 06 08 25 30 45 38
08 19 30 33 37 43 22
06 07 23 31 33 36 24
07 15 20 32 36 44 03
01 17 21 35 36 46 19
09 17 23 26 30 41 19
08 13 16 41 43 46 31
09 10 12 25 33 38 05
01 04 05 15 18 42 06
05 07 11 19 36 42 23
06 08 29 39 46 49 23
06 30 34 45 46 48 29
05 18 20 33 38 40 34
12 14 20 22 37 40 23
05 17 29 34 38 47 26
02 17 28 29 38 49 16
06 07 11 19 47 48 17
01 23 34 37 43 45 09
14 19 31 37 42 45 11
03 06 07 14 16 43 17
14 26 28 35 41 45 33
05 27 28 30 35 42 37
16 18 37 38 45 46 10
02 04 08 27 33 48 14
12 19 30 32 34 36 37
16 32 42 45 46 49 03
06 13 24 31 32 49 03
01 04 07 08 25 31 33
13 21 23 27 31 49 19
12 19 23 42 44 48 33
26 28 35 39 44 45 18
10 16 26 28 31 33 44
13 28 33 38 43 48 04
06 26 27 44 45 46 02
06 07 15 31 36 44 29
08 13 18 26 34 36 17
06 18 26 39 42 45 14
07 08 10 12 47 48 38
12 16 26 32 41 48 01
07 28 30 41 45 48 44
02 08 25 39 43 46 13
18 19 27 34 44 48 37
01 13 19 33 38 45 36
05 13 25 30 39 48 36
06 22 36 39 48 49 28
12 15 24 32 39 49 06
02 15 16 31 33 46 40
12 14 20 21 23 31 45
04 13 22 24 26 41 28
28 35 36 38 43 49 47
14 15 25 37 47 49 13
05 06 17 19 20 32 18
04 11 21 39 42 43 10
14 31 33 40 45 46 49
04 10 39 43 45 49 33
10 18 22 34 35 37 41
02 04 06 20 42 47 39
05 15 23 28 31 33 49
08 31 40 44 45 48 06
09 15 16 19 44 49 37
08 20 22 25 38 40 41
09 10 29 32 38 42 37
21 24 28 34 45 49 46
06 22 34 38 40 44 15
01 16 27 28 41 46 38
10 13 21 26 29 47 49
13 31 35 40 47 48 39
11 12 27 41 43 46 36
01 18 30 32 41 48 24
02 11 13 25 34 36 38
10 15 18 43 45 48 11
07 08 11 25 34 43 16
01 16 23 25 36 47 21
01 02 11 26 28 46 16
03 05 20 38 39 44 43
11 17 28 34 36 46 26
20 28 33 41 43 45 10
13 32 35 39 41 42 01
18 24 37 38 43 47 02
09 23 26 28 29 44 31
01 05 09 21 24 49 35
09 12 23 36 44 48 26
02 29 34 40 44 45 01
05 10 13 18 34 35 15
15 29 37 39 48 49 46
02 05 10 19 23 25 11
01 07 12 22 29 31 04
13 21 32 39 42 46 36
01 06 07 25 39 41 05
02 12 15 27 38 40 35
01 05 18 25 35 41 14
11 22 27 29 35 40 48
02 05 12 25 26 38 06
02 12 31 35 43 47 40
16 24 25 38 42 46 06
04 06 07 12 25 47 09
02 11 22 29 34 39 45
23 31 35 40 41 44 21
09 17 18 21 42 48 07
03 05 22 32 42 49 28
03 14 18 22 28 36 47
02 15 22 27 45 48 32
20 25 29 31 37 46 49
01 16 24 31 35 39 21
08 10 12 28 38 42 33
08 09 16 17 19 30 45
03 04 08 09 24 49 23
03 10 19 26 29 48 18
09 36 38 40 46 47 13
09 20 23 26 28 37 44
05 07 11 18 38 40 31
15 17 22 28 36 46 24
10 25 29 34 47 49 17
03 11 13 16 21 36 26
01 04 09 17 19 41 07
04 10 28 44 45 48 39
01 10 27 40 43 44 02
01 02 06 12 18 24 25
03 05 16 17 32 37 24
16 20 22 39 42 46 38
01 16 17 20 22 42 29
01 22 23 43 46 49 33
08 12 16 34 36 47 33
08 15 16 19 30 45 44
01 16 31 38 43 44 42
08 10 17 28 32 34 42
10 15 16 20 27 43 19
01 17 26 27 34 39 13
04 07 13 19 23 49 17
15 19 20 22 28 44 42
05 06 09 18 31 37 32
10 12 16 18 22 29 30
13 18 27 43 47 48 21
05 13 29 31 39 40 33
03 07 12 17 28 44 36
03 07 08 27 37 49 48
05 08 10 31 32 41 11
06 08 18 25 26 36 13
09 13 14 26 30 37 05
01 04 15 20 24 40 32
21 34 38 41 42 49 25
01 02 06 18 20 38 29
17 29 30 33 35 42 10
01 03 06 07 15 27 39
05 12 19 22 25 27 29
01 22 31 41 42 46 36
16 22 26 31 39 43 09
01 03 07 12 30 43 22
06 16 33 37 40 47 28
01 07 09 10 18 27 43
01 15 22 25 38 47 16
12 25 28 40 41 42 29
07 08 21 30 36 44 04
03 21 30 34 44 49 13
01 09 27 33 38 49 31
11 14 27 32 34 49 28
02 03 05 13 33 49 10
01 08 09 12 19 26 49
08 16 24 25 32 33 12
13 23 28 30 38 44 26
11 23 29 32 37 39 31
05 06 23 25 28 42 43
13 20 32 33 43 47 28
04 13 25 35 38 43 30
10 15 31 36 44 49 07
04 15 20 45 47 48 34
02 03 11 32 35 42 18
11 13 14 33 39 45 41
09 10 15 23 46 48 38
15 17 23 36 43 48 21
11 31 37 38 41 47 18
03 07 21 22 26 40 41
08 14 17 42 45 47 39
02 10 11 29 37 44 13
04 07 15 24 41 49 30
08 11 12 20 32 42 30
01 20 24 27 29 31 04
01 20 22 31 40 42 38
14 19 20 22 34 39 37
07 08 20 21 31 39 06
01 07 15 32 40 41 09
03 20 21 24 28 39 23
02 07 08 20 33 43 04
01 02 09 10 38 41 31
15 20 24 35 43 48 09
06 10 17 21 43 49 33
14 23 32 33 36 42 03
07 21 22 23 34 36 11
06 16 21 36 37 45 40
04 06 09 15 20 38 27
01 17 25 29 30 33 47
07 19 25 29 35 43 01
16 39 41 42 43 45 14
07 11 18 22 37 38 30
05 10 29 41 44 45 06
08 16 20 33 35 49 24
16 22 24 33 43 49 45
08 14 23 24 43 44 04
02 16 25 35 39 43 26
04 05 08 26 31 37 10
02 04 06 18 23 24 32
02 24 25 26 28 46 49
02 03 10 21 25 34 47
02 03 14 22 32 33 24
10 23 27 28 35 46 02
01 09 16 18 34 37 12
02 25 31 32 44 46 07
02 13 23 28 35 48 18
02 09 20 22 29 35 38
15 29 30 36 41 42 39
01 07 09 13 22 27 34
18 19 37 41 45 48 09
01 20 28 29 33 34 40
13 14 20 24 41 47 06
08 28 30 43 44 46 12
05 11 15 19 28 36 46
02 04 07 08 18 30 33
05 06 08 09 14 49 03
02 07 12 14 36 41 35
01 03 09 11 19 47 40
11 13 19 20 32 40 09
15 25 30 33 40 46 18
11 13 33 34 39 45 15
07 15 23 35 36 43 08
14 17 20 29 34 39 07
16 17 21 28 30 37 09
04 15 26 39 46 49 11
01 05 07 16 17 41 20
07 21 29 30 37 49 36
02 03 08 31 40 44 45
01 05 06 16 26 41 48
02 28 34 36 39 42 24
14 25 26 35 39 40 37
03 10 15 30 38 45 41
02 07 23 25 39 45 22
08 15 18 33 37 40 32
03 09 25 26 36 39 35
02 06 23 26 35 38 11
04 15 20 21 29 33 16
04 15 27 30 37 45 19
04 11 18 33 47 48 30
08 24 25 26 33 40 13
07 21 22 23 40 43 34
10 11 21 28 38 40 29
13 14 27 32 35 38 48
02 05 10 23 39 41 48
03 10 14 23 42 43 34
04 07 10 21 27 32 37
09 12 18 30 46 48 42
02 03 07 24 42 45 10
05 16 21 22 36 43 28
01 13 24 34 40 49 37
04 11 23 25 38 46 17
13 17 19 26 34 36 02
07 14 26 28 34 45 09
06 13 21 26 31 32 30
09 13 26 28 36 38 46
09 24 32 45 46 47 33
01 05 18 23 29 35 27
02 07 09 11 18 31 05
02 07 18 21 25 29 32
01 02 18 28 34 40 25
13 16 23 25 31 47 36
06 33 36 42 44 45 48
03 12 24 31 43 46 42
08 09 25 36 40 44 17
02 08 20 23 45 48 43
16 18 21 22 24 38 34
11 16 23 27 36 39 35
13 20 21 24 42 49 43
05 18 29 30 39 43 26
03 05 21 26 38 43 32
12 15 37 42 45 47 29
03 15 19 22 24 31 05
01 03 20 26 39 44 30
05 07 14 15 18 45 11
11 31 32 38 46 48 42
01 02 16 18 32 40 15
03 08 33 39 41 48 32
21 29 30 34 36 45 49
11 12 20 28 34 46 41
06 23 27 42 44 49 15
26 27 35 36 44 49 42
12 13 32 41 43 44 21
03 05 08 10 25 30 15
02 12 19 23 40 42 09
06 21 22 29 43 49 48
06 12 33 38 43 45 49
04 07 09 21 26 34 28
17 19 32 40 41 47 37
02 25 31 37 39 47 35
03 08 21 26 30 46 11
04 05 15 37 41 44 08
09 11 13 16 38 42 06
05 17 27 28 39 48 44
01 03 07 22 40 47 15
02 10 13 15 25 49 04
04 07 09 10 24 42 41
02 21 23 27 44 48 30
01 02 15 26 31 49 43
03 24 27 28 30 46 42
04 08 15 26 39 49 34
11 12 18 31 46 47 27
11 13 32 37 42 43 20
01 07 09 15 21 38 31
12 23 39 44 45 48 47
07 08 12 19 26 36 09
05 28 31 36 40 49 20
08 11 12 15 19 20 34
10 16 18 31 33 48 07
02 04 26 36 43 48 30
02 04 08 09 26 38 23
03 04 08 12 21 42 48
01 09 13 16 33 37 04
17 27 32 37 45 47 25
09 15 25 28 30 35 22
09 14 15 22 26 33 16
10 14 17 33 40 41 12
05 13 28 40 44 49 43
13 15 20 29 30 43 01
01 11 12 14 41 46 45
05 06 18 19 21 34 10
02 12 28 32 42 46 23
04 08 12 20 37 39 30
05 13 20 26 29 34 30
01 02 10 44 45 46 22
02 07 22 25 26 42 44
13 25 32 33 38 47 26
01 04 08 10 34 49 46
05 13 15 20 26 31 35
02 07 13 23 27 40 04
01 05 06 15 19 26 14
11 23 27 29 38 49 40
02 03 13 19 22 39 21
04 16 19 27 32 39 21
12 15 20 29 36 48 31
04 35 38 43 44 48 37
03 16 32 42 43 45 06
10 11 14 24 27 47 32
09 12 22 30 42 47 27
12 21 25 29 42 48 06
02 16 20 22 23 27 46
11 18 24 32 38 40 47
01 08 19 21 43 45 30
01 23 34 36 46 48 18
04 07 26 41 47 49 03
13 24 25 32 35 45 05
03 23 24 31 32 46 47
25 26 28 33 39 40 10
16 18 29 34 44 49 08
09 15 18 21 27 41 46
01 05 14 19 33 36 16
09 13 32 34 35 45 38
01 14 23 31 32 40 35
05 26 29 36 43 49 12
12 14 27 30 37 43 36
05 19 23 40 45 48 06
05 06 22 32 34 47 01
02 03 09 33 34 38 45
03 15 21 22 35 38 04
05 07 12 14 16 36 04
18 19 23 31 35 38 22
26 36 37 39 41 46 04
05 08 18 22 29 49 47
11 22 28 35 37 48 49
09 17 19 23 35 36 34
16 37 41 46 47 49 14
01 06 16 21 41 48 12
09 23 27 28 31 41 44
04 05 29 36 40 49 26
12 14 34 42 46 49 25
01 24 30 31 34 40 43
02 07 21 23 32 41 42
03 04 30 45 47 49 27
12 14 16 34 35 48 43
08 35 36 37 39 44 20
04 15 23 32 34 35 18
19 23 28 32 38 49 20
11 13 29 33 42 45 02
03 06 16 21 28 47 18
03 06 14 27 28 33 05
04 12 16 27 44 47 39
01 20 30 32 34 43 03
03 18 19 20 26 43 10
02 05 15 28 35 40 01
11 15 27 28 37 39 04
08 24 25 40 42 46 10
01 20 21 27 42 43 26
02 04 17 20 27 44 24
02 05 15 20 26 48 08
09 15 26 28 36 42 40
11 24 27 39 46 47 20
01 04 11 18 20 48 05
07 10 20 23 32 45 17
05 11 21 25 43 48 31
11 24 25 32 33 35 23
02 05 08 15 31 34 12
16 17 18 20 32 45 09
05 22 23 27 29 43 47
08 15 22 42 43 49 07
03 15 33 38 44 49 30
08 11 12 14 23 36 45
03 13 15 25 29 49 09
10 19 21 22 28 47 39
03 24 25 28 38 40 11
02 13 22 30 36 48 09
06 14 18 19 20 42 09
08 21 28 33 38 44 27
06 08 30 45 47 48 29
08 14 27 30 42 47 29
04 07 20 23 31 43 47
05 07 18 20 38 47 37
03 04 08 16 41 43 22
10 14 18 41 42 49 24
01 02 19 22 26 44 03
12 13 24 34 35 39 14
01 22 35 38 39 45 08
02 08 29 36 42 44 22
03 04 19 22 32 40 11
08 12 23 37 38 48 20
14 16 21 32 35 43 49
03 11 14 39 41 48 06
08 09 10 20 31 40 25
01 11 20 28 30 46 10
12 21 27 35 36 37 08
01 04 08 13 18 49 03
03 14 22 35 43 44 26
04 13 19 26 27 28 33
04 05 21 34 36 39 28
05 08 13 16 28 47 46
05 07 21 30 31 36 49
03 10 23 36 37 39 15
02 07 10 12 15 43 22
03 06 40 43 44 45 41
02 03 26 30 32 48 41
18 22 23 35 44 49 26
07 08 24 34 36 38 16
17 23 33 38 43 48 19
21 22 30 37 38 49 34
01 17 22 26 29 33 03
15 16 17 20 32 41 08
09 25 28 30 35 41 12
01 12 23 35 38 45 26
16 27 39 43 48 49 01
02 13 17 27 31 36 18
04 09 27 36 38 39 02
14 19 23 35 37 47 42
11 13 34 35 47 49 20
07 10 11 12 14 20 41
16 17 20 32 39 45 46
15 38 40 42 46 47 17
02 32 36 37 39 43 03
12 13 17 21 31 39 20
03 04 13 18 24 42 47
01 06 17 25 40 42 15
10 33 41 42 47 49 03
05 06 23 31 39 41 16
03 04 07 34 36 45 24
09 12 15 24 33 35 18
14 20 23 26 37 38 33
13 15 20 32 35 39 11
02 03 20 28 36 44 21
03 08 14 27 31 48 23
12 16 18 22 23 27 41
01 06 24 25 32 47 38
05 11 13 21 22 42 25
04 19 28 29 30 41 10
03 15 23 30 36 37 28
06 08 20 24 36 47 27
01 18 35 39 43 48 02
04 10 12 18 22 40 24
14 20 30 32 35 43 33
08 10 20 24 28 29 32
09 10 23 29 37 38 44
04 06 14 24 29 33 45
15 28 37 38 42 47 33
22 35 37 41 46 47 24
04 21 22 26 36 46 41
20 37 39 40 41 45 08
01 07 16 17 22 23 19
10 15 18 24 28 43 35
06 22 23 24 36 44 03
05 12 25 35 38 42 28
16 19 21 29 36 42 10
01 03 11 15 26 48 28
02 33 34 42 44 47 10
01 16 19 24 25 26 21
05 10 24 32 43 48 04
05 09 15 32 38 43 12
08 12 13 15 35 46 30
03 08 22 27 31 39 14
06 10 19 29 37 41 09
05 17 21 31 33 48 25
01 02 19 31 47 48 36
01 10 13 40 42 46 41
11 19 21 27 38 39 24
11 13 15 23 27 33 04
09 23 25 31 44 49 02
01 02 15 18 28 32 26
16 18 35 37 43 47 07
08 24 31 35 37 41 19
17 23 27 30 43 49 31
02 17 20 37 47 49 36
04 05 06 08 22 38 42
02 08 13 29 35 36 14
06 19 28 37 38 46 42
17 24 27 28 42 45 31
03 20 24 25 28 49 30
25 27 33 38 40 49 12
02 12 14 22 40 45 04
26 30 37 38 42 43 32
13 18 30 32 41 48 45
05 23 29 32 36 42 14
10 31 32 33 43 45 30
10 12 26 36 37 48 34
02 05 22 24 30 35 42
02 09 23 29 38 41 08
01 08 12 15 36 47 10
02 08 11 38 41 48 18
15 23 28 30 36 48 45
02 25 27 28 34 37 42
14 16 23 27 28 44 40
03 09 23 26 31 42 41
10 11 24 34 44 48 31
02 08 15 26 29 49 03
01 06 13 16 30 33 03
02 06 18 33 34 43 28
07 08 21 23 26 39 28
04 08 19 32 44 46 21
20 33 34 35 41 43 04
02 05 24 28 33 44 04
05 15 24 27 33 36 01
04 07 13 14 21 29 22
02 07 08 14 21 38 11
02 11 22 35 39 40 36
04 19 20 29 32 36 30
12 19 21 35 42 46 40
10 11 12 15 16 45 19
16 21 37 40 41 46 27
08 10 27 30 36 43 48
01 07 11 14 35 36 10
23 27 31 37 39 45 06
03 13 14 18 22 38 06
10 37 38 39 40 45 18
02 23 30 36 44 48 24
10 31 35 36 41 44 34
05 07 09 26 27 34 08
06 17 27 31 40 48 28
01 08 23 24 30 32 14
12 13 15 28 30 37 03
09 19 26 34 38 40 37
10 14 23 35 41 46 19
03 21 23 27 45 47 40
22 36 42 43 46 48 21
04 10 22 35 42 46 32
10 12 22 30 39 44 09
08 21 29 38 44 45 20
03 20 21 22 34 40 44
01 11 14 15 19 33 42
05 08 20 32 34 35 17
07 22 27 33 39 41 13
05 16 19 29 41 43 37
02 11 19 21 33 45 40
14 15 26 30 38 44 19
02 21 32 39 42 46 19
02 06 13 15 17 43 04
02 30 32 36 43 47 49
02 06 15 21 31 45 24
02 05 17 20 25 48 14
10 21 41 44 45 48 32
06 24 46 47 48 49 40
26 27 28 30 31 43 08
04 05 07 13 26 46 24
22 31 36 37 43 44 11
16 18 23 27 28 29 19
01 20 21 28 36 38 30
08 22 23 39 44 47 36
04 05 17 36 37 40 25
06 19 27 31 33 42 13
01 04 09 20 25 35 43
19 23 25 26 31 43 10
02 03 25 44 45 48 31
09 14 19 21 39 47 11
13 22 24 35 40 45 37
05 07 21 22 31 43 04
04 11 17 23 31 39 14
06 23 24 25 29 30 47
10 22 29 30 33 37 27
01 30 35 44 47 49 46
13 23 25 31 39 46 41
01 08 13 18 28 49 06
01 17 22 26 33 40 11
05 22 38 43 46 49 13
04 18 31 34 39 44 49
11 13 16 35 40 49 39
01 09 24 45 46 49 12
03 21 29 33 35 40 45
09 15 23 38 47 49 36
01 05 17 19 26 46 47
06 24 28 36 38 44 08
01 06 07 12 16 41 49
09 11 30 36 39 45 26
11 18 21 34 41 49 47
04 11 18 19 27 31 24
03 16 26 28 31 41 45
08 15 28 35 41 46 11
17 19 22 25 30 37 31
11 17 22 34 41 44 27
05 11 21 24 37 39 13
05 07 09 22 27 34 45
01 24 28 33 43 44 31
13 14 18 27 29 44 21
12 23 28 29 43 47 26
01 03 14 24 26 45 38
02 19 27 31 38 49 32
07 38 39 43 47 48 29
06 29 40 44 46 47 33
07 34 35 42 43 47 29
01 03 06 30 38 41 46
18 28 31 34 36 45 42
10 21 32 36 40 48 09
07 17 19 24 30 44 31
03 04 21 30 31 48 15
20 31 32 33 37 38 39
12 13 18 39 44 48 35
22 29 30 36 37 42 09
18 19 34 35 45 49 16
04 06 22 41 42 47 18
01 03 07 09 28 40 45
09 17 18 33 44 47 08
08 15 18 30 31 41 45
05 11 12 30 43 48 15
02 03 28 35 44 45 36
13 25 27 39 45 49 11
02 07 19 20 25 46 43
01 17 20 28 32 41 13
10 14 20 25 36 46 02
04 18 24 36 37 38 31
08 13 41 42 47 48 29
09 25 31 37 38 45 21
02 11 14 22 25 31 26
17 18 32 33 41 42 12
06 20 23 24 27 34 16
02 03 04 14 18 46 25
05 09 13 18 19 31 32
05 18 26 31 37 43 08
02 23 29 30 41 43 16
08 11 13 19 23 28 49
05 12 14 22 38 44 25
08 11 17 21 28 49 37
05 07 10 15 19 44 49
13 17 22 25 31 48 26
12 18 25 32 41 47 07
05 14 18 28 37 42 19
03 04 22 32 33 49 21
01 07 24 31 35 47 21
05 06 14 19 27 33 31
01 10 24 33 44 48 37
02 08 32 34 44 46 14
22 27 30 33 37 46 24
02 14 23 25 31 47 48
02 04 11 18 48 49 38
03 07 31 32 34 43 41
01 26 28 37 39 46 03
08 15 19 25 30 38 06
04 11 22 26 38 47 13
05 11 17 22 30 34 10
09 10 12 21 31 35 19
06 16 40 45 46 48 31
03 13 19 24 27 38 40
02 08 17 30 34 40 26
07 23 24 28 32 40 08
07 09 17 25 28 35 36
08 15 21 30 36 39 17
01 26 34 35 36 37 07
05 24 30 35 36 38 11
12 13 16 29 44 45 30
16 20 35 46 47 49 31
05 13 23 37 43 44 26
01 12 25 37 39 40 18
05 07 13 23 24 30 01
01 09 20 28 39 42 47
02 03 08 15 24 46 36
11 15 20 23 26 35 31
04 07 13 17 21 35 33
07 16 35 45 47 48 39
01 03 18 22 29 32 21
06 18 40 43 45 48 24
03 36 37 40 42 48 17
12 15 29 31 36 45 40
15 17 19 30 40 47 25
10 30 32 37 46 47 16
01 04 08 22 32 45 02
09 11 14 25 33 35 02
02 17 25 32 39 43 34
01 06 07 27 30 39 21
05 10 16 22 23 24 31
24 29 35 39 42 49 48
10 27 28 31 37 41 34
07 10 16 17 30 43 23
03 06 10 33 39 44 37
14 19 34 43 46 47 42
03 14 29 33 39 48 22
16 20 34 42 46 49 04
04 16 22 32 35 47 43
04 11 25 36 41 43 27
10 29 35 39 41 44 07
07 18 26 28 34 38 05
22 26 31 42 44 49 29
01 05 18 21 40 44 22
11 14 28 39 40 45 42
19 24 28 29 41 43 37
15 24 29 34 47 48 31
10 13 16 29 31 37 32
03 05 09 15 30 49 48
04 17 24 27 35 49 39
08 17 21 34 39 45 44
06 15 16 22 43 45 48
07 27 43 44 45 46 35
01 04 17 27 32 48 06
03 04 12 13 24 30 09
12 14 16 34 37 48 07
04 17 24 27 29 40 09
05 07 16 28 31 49 34
05 11 12 14 31 35 26
05 08 11 14 15 36 46
02 21 24 27 36 46 05
11 13 22 29 39 48 45
06 07 14 33 36 48 18
01 10 14 34 42 47 09
12 16 26 27 28 45 06
01 08 17 19 40 46 15
06 12 19 28 39 47 36
07 09 15 23 34 35 41
01 12 18 19 38 46 02
01 04 14 17 23 46 41
07 12 18 25 28 48 46
04 06 07 11 26 31 38
02 10 32 37 46 49 28
08 13 16 20 22 28 49
09 11 17 39 40 43 46
07 08 16 23 32 39 22
03 08 10 11 35 36 39
01 04 21 30 39 42 44
06 16 26 31 36 46 09
03 12 27 29 37 46 17
01 03 28 30 33 39 34
03 12 22 23 29 46 33
02 04 18 31 36 43 08
15 16 33 35 36 46 21
08 09 11 24 40 47 33
01 10 11 15 20 21 26
02 08 13 19 30 31 20
08 10 17 38 44 49 40
04 06 08 10 15 36 13
06 11 27 34 42 49 21
10 16 26 28 41 48 42
01 04 09 14 22 28 20
08 09 14 17 25 45 27
09 21 24 33 36 43 03
02 12 16 31 39 43 18
05 27 29 36 40 42 35
11 18 20 21 35 37 08
01 07 21 25 35 36 39
07 17 19 30 32 37 03
02 11 21 41 45 49 26
13 15 20 26 29 36 37
12 15 22 38 43 44 09
01 04 20 29 41 45 36
01 02 05 07 26 30 24
09 22 44 45 48 49 08
17 23 27 38 48 49 19
06 09 13 19 36 37 27
03 13 14 19 24 45 05
01 02 16 17 27 30 48
08 12 19 32 42 46 28
05 11 12 21 22 28 25
06 15 21 22 31 44 41
10 19 20 24 33 48 01
06 19 20 26 32 47 35
11 12 23 28 40 48 09
03 05 09 12 13 46 04
13 17 18 24 28 32 37
08 26 35 37 40 43 06
06 18 26 30 37 38 16
13 15 16 20 40 43 14
02 08 27 40 41 47 28
12 26 28 35 39 40 16
08 18 26 31 46 47 20
19 23 25 30 42 47 16
09 18 23 35 36 47 41
18 22 29 30 46 47 06
08 24 35 37 41 47 23
01 14 17 27 28 45 11
01 03 04 09 12 17 15
05 08 24 26 35 44 41
08 09 15 40 44 48 24
11 12 15 18 20 37 42
04 24 34 35 38 46 30
02 09 27 30 44 46 22
01 07 23 25 37 40 12
10 25 35 39 40 46 31
01 11 13 21 27 37 03
15 20 29 31 32 44 23
14 31 38 41 42 45 29
06 13 30 33 34 35 38
11 17 22 27 30 46 15
10 19 23 26 32 39 16
09 17 21 24 30 35 15
16 31 32 33 35 44 46
25 29 40 41 47 49 48
03 11 28 32 33 35 30
04 21 28 32 37 42 16
03 06 18 20 25 48 12
12 14 16 33 36 47 48
01 08 12 14 40 41 15
13 21 27 34 35 36 24
06 07 08 09 21 48 18
03 14 17 24 27 48 28
10 22 25 33 39 47 38
01 07 14 15 18 30 33
07 18 23 32 34 48 13
01 02 15 19 21 30 40
03 09 13 17 28 42 14
05 21 30 32 35 45 26
31 32 34 36 44 47 46
05 08 21 23 32 45 18
04 11 26 33 40 42 34
26 31 32 38 42 45 37
04 06 10 12 34 45 44
18 23 29 46 47 48 05
06 07 09 12 14 19 17
08 16 23 30 31 43 18
01 17 19 23 32 43 09
09 10 21 23 38 39 35
07 08 36 39 42 43 22
10 16 25 27 32 36 45
21 23 29 41 42 49 14
02 23 27 31 36 49 15
07 12 16 18 19 41 45
02 06 17 29 32 39 04
02 11 20 28 32 38 16
08 15 19 22 29 37 39
18 35 36 41 47 49 15
10 14 19 24 35 37 39
17 18 40 41 45 47 29
01 11 19 24 26 28 33
09 10 14 20 36 47 08
02 11 20 32 33 36 39
14 28 31 38 42 44 45
01 17 20 36 37 45 15
05 16 25 32 37 44 21
02 08 10 14 27 49 20
03 20 30 35 38 41 47
11 19 25 27 40 49 33
05 11 18 23 36 43 14
15 16 29 34 41 44 49
11 12 20 26 28 43 06
02 03 22 26 32 34 40
01 15 16 32 44 48 40
01 10 21 35 40 44 36
09 11 13 23 26 42 47
11 18 30 34 37 47 17
07 09 23 33 41 43 24
07 08 24 29 32 48 37
17 28 32 34 35 45 08
01 09 24 32 41 49 40
03 27 30 31 32 39 35
09 27 32 42 45 49 30
07 30 32 44 48 49 45
13 22 23 29 31 48 06
11 16 29 30 37 43 13
07 08 18 21 23 24 11
02 14 16 22 37 46 49
02 17 28 32 38 46 49
09 24 28 35 45 47 48
08 16 20 38 39 42 29
04 09 15 21 27 45 06
03 14 24 35 39 44 28
05 13 15 16 18 30 08
05 11 29 36 42 46 48
14 15 26 29 35 44 09
01 09 15 25 29 35 38
03 11 15 23 40 46 13
03 06 15 16 27 31 14
07 25 27 31 40 49 11
05 09 10 28 29 45 41
02 05 11 17 27 40 20
03 06 12 34 37 43 28
14 20 21 32 38 43 23
03 28 39 41 46 48 09
02 06 27 34 38 43 45
04 06 11 41 43 46 21
06 21 22 35 37 44 29
03 11 25 34 46 47 42
06 09 14 16 22 33 11
05 32 36 40 42 49 01
04 07 09 13 29 46 08
03 04 06 09 17 24 28
12 13 15 18 24 36 39
02 04 13 25 32 43 15
13 32 36 40 42 43 41
11 17 19 33 45 47 04
10 11 17 20 42 44 13
01 22 23 38 48 49 11
26 32 33 36 45 47 39
01 03 11 22 29 33 30
13 25 31 35 41 46 49
03 05 12 26 36 44 23
08 15 25 29 47 49 09
08 28 41 42 44 49 30
02 10 15 28 44 49 39
01 13 23 29 31 33 17
03 06 18 27 29 32 40
15 16 29 39 42 46 14
03 21 23 28 37 43 05
02 10 11 20 26 45 30
02 05 11 28 32 34 24
01 07 19 20 46 47 13
08 21 32 35 41 48 34
03 20 27 34 37 44 12
08 19 22 24 26 28 18
03 04 25 35 41 45 07
03 05 11 18 25 38 15
02 13 33 35 43 45 05
05 06 12 28 29 41 07
18 19 32 35 46 48 47
21 23 28 29 41 46 24
01 14 27 33 42 46 41
05 06 13 26 29 47 33
10 12 14 19 30 45 41
04 07 20 27 33 40 38
08 09 16 39 40 44 28
10 12 25 33 39 42 29
06 15 27 32 44 49 16
13 16 18 30 32 40 29
03 12 17 19 38 48 43
25 26 27 28 36 37 38
01 02 35 43 45 46 14
05 13 14 23 24 42 35
08 20 29 30 42 49 21
10 15 20 21 27 36 45
13 15 22 26 45 47 49
08 11 12 15 40 46 16
09 18 19 20 40 48 03
19 20 44 46 47 49 09
08 28 31 32 36 43 09
05 10 18 29 41 44 30
02 13 30 31 34 44 39
06 16 17 36 37 41 28
06 10 39 44 46 47 30
09 13 21 25 38 39 02
01 03 25 31 35 44 15
11 15 36 41 44 45 35
03 08 10 28 38 47 13
02 08 22 27 35 43 24
24 29 31 32 44 49 39
20 25 29 31 40 44 21
12 17 32 37 38 39 27
01 16 41 43 46 47 25
07 08 10 17 34 36 43
03 06 08 15 20 30 40
08 16 22 28 45 48 13
08 24 27 30 45 49 42
07 10 11 27 28 45 21
01 11 16 18 31 33 19
02 07 26 31 44 47 36
04 09 10 39 40 42 08
01 09 13 28 29 48 45
04 05 23 25 40 41 11
06 13 15 19 37 41 22
16 21 34 37 41 47 21
08 15 32 36 40 43 03
01 04 25 29 42 43 11
04 11 18 22 23 31 19
05 06 11 15 18 25 31
08 12 13 29 37 49 43
03 07 11 12 16 30 13
01 08 13 30 32 42 11
16 19 24 29 41 43 32
01 03 07 15 25 33 21
03 10 13 28 44 48 01
05 15 18 39 40 44 37
06 11 16 17 27 42 35
04 09 14 23 44 46 41
10 15 17 20 43 46 37
11 13 17 35 39 46 02
16 35 38 44 45 48 27
15 21 23 26 43 48 34
04 05 26 30 38 41 28
04 11 21 25 35 37 43
08 12 13 16 27 32 24
09 24 25 31 37 45 12
18 19 22 32 44 47 09
03 13 29 30 34 48 28
06 10 11 22 32 45 04
04 06 18 29 35 48 20
01 03 16 20 21 26 22
11 23 29 33 34 40 06
11 20 23 30 39 44 49
10 14 19 20 43 45 22
03 09 17 21 41 46 27
07 14 17 22 23 34 12
05 07 12 17 22 29 04
03 27 30 35 39 41 32
09 16 30 34 36 49 31
06 14 30 42 41 48 18
01 03 04 18 25 47 13
07 11 16 20 30 33 06
07 11 22 37 40 41 20
01 17 18 34 46 47 25
08 12 16 29 37 39 40
14 23 28 32 38 43 03
02 07 13 30 36 45 43
11 14 19 39 45 49 23
09 13 17 28 45 47 03
12 21 39 41 46 47 14
12 19 23 33 46 48 29
06 12 21 25 34 43 28
08 14 27 31 36 40 03
01 07 17 40 41 43 33
01 26 37 39 42 48 41
03 04 08 22 36 38 07
03 10 22 31 35 38 37
02 03 20 23 34 42 40
05 10 25 30 40 43 26
06 08 13 21 33 39 45
02 09 13 16 24 39 41
01 02 05 32 45 46 43
03 10 27 33 41 44 07
05 08 23 31 39 44 19
04 13 15 22 23 48 03
12 13 16 33 35 37 18
07 10 17 20 21 31 49
02 27 34 35 36 49 26
14 17 27 28 39 41 18
07 08 25 39 45 46 38
08 20 24 34 41 43 32
06 09 15 17 40 47 24
09 10 13 19 23 35 38
25 31 34 42 43 46 05
24 25 29 33 35 38 49
07 13 33 40 45 46 39
02 10 17 27 33 49 15
09 15 19 22 35 41 37
09 15 27 28 30 41 13
04 15 20 22 28 29 01
01 02 22 27 35 40 33
15 17 30 35 37 45 41
08 20 33 35 42 43 10
05 14 15 20 27 29 35
05 19 26 44 46 48 36
25 26 37 38 44 48 31
09 28 34 41 42 49 06
01 11 18 27 36 46 26
09 11 20 21 45 46 42
04 07 20 23 28 45 35
01 12 35 36 41 44 21
03 16 22 33 40 41 39
17 23 30 31 34 49 36
04 07 17 22 44 45 32
01 02 29 31 33 43 40
14 15 16 35 46 48 02
04 10 31 38 40 48 05
11 23 30 35 40 44 07
10 16 30 33 37 42 43
02 08 13 14 37 39 38
10 23 29 30 44 47 07
14 15 16 24 44 47 21
02 08 21 32 33 37 15
05 15 25 27 33 34 43
01 10 13 33 37 38 40
10 11 15 20 31 49 44
02 03 17 28 38 49 21
03 06 11 17 22 49 44
02 07 08 22 28 32 20
07 08 25 33 41 43 06
06 18 24 25 26 34 19
01 21 24 25 34 44 19
01 03 22 28 37 42 10
03 21 26 28 38 40 42
05 25 26 34 40 49 47
27 30 32 41 44 46 42
12 28 38 42 44 49 02
19 29 33 36 39 49 06
11 19 25 34 36 42 08
01 29 35 36 44 46 06
08 23 28 38 41 42 30
10 25 26 29 31 40 02
06 07 35 37 38 47 12
18 22 41 42 47 49 45
12 14 32 35 40 43 17
04 13 14 37 39 46 31
14 19 21 25 27 38 22
04 12 17 28 34 40 07
01 05 16 18 31 41 13
01 09 17 31 33 48 49
01 05 07 31 35 49 42
01 19 20 25 30 32 02
03 08 09 12 14 22 46
10 19 26 29 43 45 20
04 11 16 28 33 46 17
04 09 11 32 43 47 44
02 11 25 29 30 33 20
06 18 19 23 32 49 21
07 11 12 15 24 26 06
10 11 21 23 28 37 24
06 16 21 23 46 49 39
08 10 15 32 39 48 43
12 16 35 38 41 47 01
06 14 15 19 30 43 31
02 16 20 37 43 48 10
06 12 22 31 41 44 02
11 12 21 35 41 48 01
15 17 20 32 33 39 21
04 17 25 36 40 44 08
08 16 27 32 43 44 07
24 36 39 41 45 49 22
21 22 32 37 42 44 38
17 18 22 24 25 38 39
05 17 33 34 43 44 04
19 23 31 32 37 49 26
09 22 31 36 40 47 08
02 03 04 23 29 42 14
14 21 25 35 36 39 18
05 15 22 23 28 39 25
16 17 30 32 35 41 26
01 03 19 31 32 42 43
14 23 24 27 36 39 13
01 09 18 19 34 49 11
16 17 20 21 32 40 15
02 09 18 22 25 35 14
05 06 07 14 29 46 24
15 16 21 23 28 46 14
02 10 15 22 26 32 42
08 14 16 19 21 35 20
07 14 19 30 31 39 40
03 07 08 23 30 31 32
14 16 25 32 36 48 12
24 26 31 32 37 46 01
02 04 17 22 36 43 40
01 15 21 26 36 45 10
01 12 29 30 33 44 19
02 08 12 34 41 42 07
11 33 34 46 47 49 38
08 12 22 30 32 36 06
04 21 27 28 30 35 42
18 30 40 42 44 49 08
06 16 19 23 33 39 07
16 18 19 25 26 32 22
13 14 21 29 42 48 11
02 12 24 32 42 47 29
02 11 23 30 33 42 07
11 13 18 22 38 39 03
02 12 21 30 42 47 31
15 16 26 27 39 45 37
06 09 23 27 34 46 20
02 08 09 18 27 37 33
13 16 27 28 33 42 11
07 10 12 35 38 47 23
04 10 13 36 44 45 05
01 04 19 24 28 31 49
05 18 25 31 48 49 44
05 11 14 16 36 40 46
13 17 23 27 33 41 02
08 13 15 19 29 42 25
07 23 29 36 45 49 14
03 08 11 16 33 37 35
02 12 15 18 37 40 39
18 35 39 43 47 49 44
10 11 14 19 22 38 42
03 14 16 21 33 36 20
15 18 25 30 33 44 38
04 28 32 37 41 45 47
06 28 29 30 31 39 33
05 08 23 34 44 46 16
01 03 06 11 19 27 05
03 08 18 19 26 42 17
02 03 05 14 16 29 32
02 11 17 22 38 40 41
04 25 31 36 39 46 02
08 20 23 33 36 43 02
05 06 12 22 30 48 41
10 15 24 26 29 35 12
05 15 24 25 44 47 45
02 14 19 28 39 46 45
04 23 25 28 39 43 41
04 08 10 14 41 45 38
09 14 17 19 46 47 29
02 03 05 28 42 48 09
01 12 13 37 41 43 49
01 05 08 10 34 35 46
16 19 28 37 38 41 10
17 19 24 27 31 37 08
03 14 18 31 41 42 02
12 18 20 21 31 37 24
07 08 10 20 24 27 19
11 12 15 20 27 47 36
02 06 12 18 36 46 47
04 13 17 29 31 44 14
02 10 22 23 24 37 42
01 07 14 22 40 45 29
08 26 29 32 36 39 23
02 13 16 22 26 48 39
02 12 26 28 33 34 44
07 23 32 34 43 47 24
07 08 15 23 31 36 30
01 02 10 11 26 43 40
06 10 24 27 41 43 49
12 17 20 21 30 45 09
04 10 19 26 35 45 38
07 21 22 37 41 48 15
04 07 23 24 27 41 17
03 05 17 32 33 47 36
07 08 20 28 34 46 10
07 09 19 22 36 49 29
12 33 34 38 40 46 07
03 07 15 16 18 41 42
01 03 18 23 28 44 10
01 12 17 25 31 48 21
09 11 13 17 38 42 29
12 15 18 27 30 38 19
14 20 22 27 28 38 19
03 14 16 17 43 46 04
08 09 23 30 37 41 31
04 09 13 32 34 41 42
13 15 24 30 38 40 44
01 05 13 43 44 47 25
01 07 22 32 34 36 08
07 25 31 34 47 49 26
07 27 32 34 41 47 09
01 12 25 28 40 46 39
07 16 31 38 40 41 39
10 14 32 33 35 46 43
09 10 19 21 35 36 49
04 25 26 27 30 48 11
08 29 33 34 46 49 19
10 22 30 33 36 47 43
03 08 21 22 37 41 46
04 11 25 35 37 48 36
02 12 13 16 32 43 24
01 11 36 38 41 42 48
02 13 24 29 41 49 45
01 06 22 24 32 42 16
11 14 20 26 37 41 02
16 26 28 33 42 49 20
02 17 22 25 26 41 16
02 09 17 31 32 40 47
02 03 14 15 35 37 29
16 25 28 30 44 46 27
08 09 28 34 37 42 15
06 07 11 25 26 30 31
05 09 11 23 37 44 24
04 13 27 30 37 41 20
09 11 20 31 34 44 10
02 03 21 28 32 47 27
09 11 21 24 39 43 07
02 14 21 31 42 46 04
11 20 26 34 41 43 09
09 12 13 24 39 45 38
24 25 29 32 42 49 12
05 12 17 19 35 48 09
15 20 22 31 35 37 14
04 06 30 35 40 43 13
12 13 19 25 30 46 05
05 07 16 18 36 48 37
15 16 17 25 34 49 05
03 14 19 21 35 48 13
08 12 17 28 31 34 01
03 07 09 31 39 45 35
08 10 11 39 42 44 27
12 15 34 37 43 46 38
04 06 10 15 42 49 12
02 08 14 21 37 44 49
14 16 18 23 25 44 41
19 29 36 37 45 46 18
11 23 24 36 41 45 43
03 05 10 11 29 45 25
19 25 27 39 40 46 06
01 02 07 20 27 37 19
02 08 16 33 42 47 14
03 09 10 42 44 47 05
08 13 16 23 35 41 21
04 06 07 12 20 21 29
01 24 39 40 46 49 33
07 18 20 32 42 49 24
06 09 13 20 42 43 21
08 10 23 33 41 46 48
03 09 28 32 39 47 07
05 16 18 32 41 47 02
02 05 26 29 38 39 07
04 12 14 15 22 48 28
07 21 35 36 42 43 10
07 11 23 30 38 49 45
04 31 34 36 40 44 20
07 20 21 34 37 43 05
27 33 36 41 43 44 31
05 14 20 27 29 45 07
03 06 12 16 17 20 14
11 20 29 33 34 36 18
07 12 15 21 27 47 48
06 09 14 19 38 49 20
05 08 11 15 33 37 03
05 19 21 34 41 49 42
07 26 27 28 30 32 44
07 11 19 23 35 44 33
18 23 24 25 39 42 48
06 07 08 20 47 48 30
04 19 21 28 39 43 18
13 20 22 31 34 42 09
12 20 30 38 40 41 10
04 05 10 30 39 45 14
02 20 36 37 42 46 29
03 10 14 15 20 45 02
14 20 24 30 44 48 31
10 17 20 21 32 41 34
02 07 22 35 46 49 41
12 24 28 36 37 40 06
06 08 24 32 34 36 49
13 18 30 34 45 49 33
17 23 28 29 32 39 12
07 21 29 33 40 41 08
08 13 14 32 36 42 05
06 08 18 19 20 30 22
05 08 14 19 22 47 24
11 16 19 29 30 45 01
01 03 40 44 46 48 02
01 03 04 24 32 43 37
06 20 22 43 45 48 11
06 17 22 34 38 42 20
01 08 14 27 40 45 34
12 13 16 21 42 43 39
03 11 15 25 31 48 36
05 07 22 37 40 45 12
05 10 12 20 28 36 15
07 16 17 36 47 48 49
01 12 16 37 41 47 36
06 13 14 19 24 38 26
01 03 12 16 29 49 04
05 28 38 40 41 47 25
11 28 29 38 43 49 22
10 36 37 44 45 46 48
12 26 32 34 45 46 14
01 14 23 36 39 41 04
04 11 24 29 32 45 49
08 14 16 18 30 35 36
08 24 29 37 44 48 06
01 04 19 24 47 49 36
06 07 19 31 32 40 15
02 14 23 29 35 43 22
11 17 27 31 33 37 12
09 15 27 28 40 43 45
02 07 12 21 23 45 10
07 10 18 32 41 46 42
12 13 19 21 29 39 41
03 11 22 36 38 40 07
08 15 21 31 36 46 18
05 06 19 23 43 48 07
18 22 26 27 30 38 45
06 31 32 39 40 42 28
06 10 12 22 24 37 03
05 16 27 29 33 45 28
07 12 26 30 31 32 13
08 20 31 36 38 45 33
09 13 15 26 31 33 10
02 04 11 33 39 42 19
11 17 32 33 38 46 15
11 17 20 34 37 41 06
12 14 18 19 37 47 30
15 30 31 37 39 48 08
12 17 26 33 35 39 10
12 14 35 37 42 47 06
04 11 36 40 41 48 49
04 12 21 24 33 35 42
05 34 42 46 48 49 14
01 10 20 37 38 49 31
04 13 18 26 41 48 33
05 21 25 32 36 41 33
07 08 31 33 41 45 39
01 16 19 27 35 42 41
05 17 19 21 42 43 16
01 04 08 10 45 47 41
06 26 35 42 44 48 07
11 13 25 32 33 48 31
02 14 19 20 26 43 23
03 12 17 20 29 38 47
02 07 15 27 37 39 43
12 18 29 40 41 48 24
08 17 23 24 31 34 25
02 16 18 20 22 39 21
10 21 25 26 35 37 04
02 09 12 15 20 49 40
10 21 23 33 42 48 41
07 13 18 21 26 34 08
07 12 17 21 30 37 49
13 21 28 35 37 38 33
03 23 32 36 39 40 49
06 17 22 23 32 42 13
03 08 14 16 26 36 41
03 10 12 22 36 41 18
12 15 23 33 41 42 11
09 13 22 37 40 42 26
01 03 09 26 40 47 15
01 19 25 27 31 40 12
03 06 11 16 26 44 31
05 15 30 35 38 47 18
03 18 23 24 26 49 32
08 10 15 19 36 45 37
10 21 24 30 35 45 22
05 09 11 15 36 45 27
16 18 22 23 24 41 39
03 08 18 19 41 48 36
07 12 26 31 37 49 17
09 21 27 31 38 49 03
16 21 22 28 32 46 24
09 18 31 45 48 49 22
17 18 25 32 43 45 05
10 14 26 38 39 47 08
16 18 19 29 30 47 10
01 05 08 15 16 38 07
04 07 12 17 33 38 11
07 20 34 37 38 47 18
07 09 20 42 44 45 08
17 22 30 38 44 48 36
13 18 23 30 44 48 37
07 13 18 21 38 44 03
05 13 16 31 41 45 09
03 28 29 35 41 47 48
09 12 23 33 39 45 24
02 03 13 20 28 38 40
01 04 09 14 15 49 32
06 24 35 41 46 49 09
14 16 19 28 32 49 01
02 10 12 20 26 34 28
03 16 17 30 33 37 29
03 23 27 28 37 48 08
05 15 19 22 30 42 31
09 22 23 37 43 46 38
07 13 23 33 35 36 09
04 13 31 35 37 42 49
13 15 27 34 35 39 31
01 02 08 44 47 48 09
02 09 18 27 46 48 25
08 10 11 17 28 42 40
08 12 13 15 16 30 45
01 04 12 25 34 37 42
14 22 32 33 34 49 31
10 17 28 29 43 47 04
01 08 13 43 46 48 29
10 12 16 29 41 45 01
02 08 10 16 23 49 41
06 21 26 34 36 49 23
02 17 32 43 45 47 34
04 07 12 18 27 44 23
13 33 41 47 48 49 01
17 19 21 26 33 45 12
01 21 31 33 42 44 22
01 02 29 33 45 47 39
07 10 14 15 17 39 45
16 29 36 39 43 48 42
05 18 25 34 48 49 45
17 19 24 36 43 49 26
08 09 10 24 27 31 33
01 05 08 11 35 36 26
06 11 31 40 42 45 43
27 32 33 40 43 44 37
03 07 10 13 39 46 29
01 05 25 29 33 38 19
31 35 39 40 45 49 41
01 06 22 25 33 48 19
03 05 08 24 26 49 19
08 17 28 35 36 47 41
01 06 28 30 33 48 27
06 13 20 23 29 46 42
01 15 16 25 43 46 06
01 02 16 22 27 45 13
10 12 16 37 40 41 05
26 29 31 43 46 49 06
13 19 20 24 40 45 33
04 17 22 34 44 46 13
04 05 22 27 46 49 41
04 10 24 29 32 49 43
05 06 15 25 30 41 29
03 16 25 31 33 36 14
02 20 21 24 35 37 09
08 10 22 23 29 35 02
16 17 18 19 33 45 25
01 05 11 19 31 33 06
06 09 19 40 44 45 01
08 12 40 42 44 47 05
16 20 24 25 31 33 37
04 22 30 43 45 47 15
05 14 40 44 45 46 32
02 23 28 35 46 48 33
13 14 19 22 23 36 24
01 02 06 08 38 43 24
02 09 11 13 39 43 35
01 02 09 20 26 48 36
01 26 29 39 48 49 09
07 16 29 32 37 48 21
03 29 30 32 43 44 35
03 04 05 08 24 29 07
10 31 35 36 39 48 27
01 07 08 33 42 47 31
11 15 16 18 24 26 46
04 05 22 23 34 40 37
02 07 19 25 42 47 06
01 03 15 27 39 41 20
07 25 28 33 44 47 19
05 17 18 28 30 39 13
03 09 20 25 26 35 39
02 09 19 28 30 32 35
06 10 13 19 40 45 07
06 11 15 30 32 44 29
05 09 25 39 44 46 02
05 17 19 21 28 29 43
07 09 12 15 25 29 47
06 14 18 20 38 41 29
16 27 29 35 37 48 31
05 29 36 38 44 45 23
01 19 26 30 35 48 11
04 22 29 37 44 49 30
02 13 27 30 41 44 40
02 04 10 15 31 45 17
08 17 36 37 42 43 34
02 06 17 21 43 48 41
02 11 24 26 30 41 01
20 22 25 30 31 45 02
01 05 06 19 29 30 39
10 14 33 34 35 39 40
05 37 41 42 46 49 18
08 13 17 20 43 48 38
04 18 24 26 43 47 33
01 10 20 28 37 44 33
03 04 08 11 42 44 21
15 19 31 33 41 47 37
07 30 34 36 45 46 43
08 20 23 37 43 46 44
14 22 30 31 39 40 49
14 34 35 38 43 47 40
05 09 19 31 33 35 32
01 03 06 12 27 43 02
03 18 24 34 41 42 37
07 17 18 26 41 47 39
05 06 10 12 44 48 36
13 30 37 40 43 46 05
01 12 16 17 38 45 32
04 08 10 18 33 40 02
01 09 11 12 37 46 43
02 13 24 26 45 49 10
01 03 09 41 42 48 27
02 28 31 36 40 45 24
01 06 10 11 26 47 22
09 18 25 27 32 39 40
01 06 18 19 20 42 43
04 13 22 23 39 42 26
05 07 11 24 27 30 12
06 08 14 29 38 48 35
08 09 13 29 36 46 23
08 21 26 30 33 46 45
08 19 22 24 30 43 13
07 19 28 35 38 48 08
02 15 28 43 45 49 35
15 21 24 30 37 38 34
17 22 23 25 31 33 03
17 21 25 30 40 42 26
01 22 26 28 34 38 35
06 09 18 25 29 35 46
11 25 31 32 35 42 41
07 10 16 21 33 46 02
05 07 09 15 24 26 12
18 20 23 32 37 46 39
05 08 20 23 34 39 31
04 14 22 42 46 47 21
05 15 17 19 27 37 42
12 22 26 35 36 49 32
05 07 09 27 35 42 19
02 13 14 30 43 48 17
11 15 16 18 35 43 46
02 04 25 26 27 29 41
15 31 38 44 46 48 21
04 12 18 23 43 46 07
01 02 09 26 35 41 46
07 08 24 28 32 41 10
04 06 26 36 38 47 43
07 09 16 23 27 44 46
09 11 23 34 41 45 49
02 18 22 25 41 43 14
14 17 27 43 45 48 41
01 04 09 37 38 41 40
01 23 25 30 38 45 14
04 09 11 25 27 29 22
13 19 25 32 42 44 02
03 13 24 26 27 29 09
09 14 17 23 33 48 04
13 16 17 19 39 44 42
01 08 32 41 44 49 23
07 15 23 24 31 38 09
03 28 30 42 43 46 15
02 15 19 29 43 46 23
17 27 30 38 42 44 24
03 04 15 29 32 39 38
01 03 16 17 24 25 46
05 06 19 24 33 41 03
02 11 29 33 41 44 40
03 06 11 13 18 37 46
01 05 17 36 40 41 38
08 11 16 32 35 43 41
07 14 23 43 47 49 48
01 18 21 24 32 41 12
04 20 26 27 45 48 37
01 05 15 16 28 41 44
09 13 18 22 40 41 49
07 12 18 35 37 45 44
02 13 16 28 31 34 21
04 10 21 30 39 42 22
23 24 27 36 47 49 40
02 09 16 22 41 49 07
01 03 11 23 46 47 45
18 19 20 34 37 44 10
01 06 14 26 28 31 30
02 12 21 25 26 37 10
20 21 26 35 39 47 16
08 13 25 27 38 46 12
14 18 21 26 47 49 30
02 09 17 28 36 42 46
01 12 17 21 37 43 47
16 18 26 30 40 44 13
09 14 20 26 39 42 05
02 03 25 27 37 47 26
06 23 34 41 43 44 38
13 15 16 17 23 36 29
06 07 13 32 33 37 42
10 15 16 21 22 30 14
09 10 26 31 40 49 08
08 13 14 35 36 41 05
19 21 30 43 44 48 08
03 15 21 24 27 40 13
07 14 21 27 30 36 43
02 11 30 35 37 40 13
04 05 27 31 44 48 33
02 07 11 19 27 44 22
01 02 08 11 21 45 16
05 09 14 28 34 37 35
03 04 07 19 22 43 36
06 09 15 31 38 39 25
10 11 13 17 36 49 41
05 13 14 24 26 35 39
19 22 33 35 38 48 11
15 26 27 34 37 42 47
02 09 10 15 27 35 44
07 12 36 41 42 44 29
01 02 20 23 26 34 19
03 08 15 20 22 23 36
04 14 32 33 43 44 49
08 25 34 44 45 47 24
06 11 18 23 33 41 39
05 09 18 22 34 36 11
01 18 21 29 36 38 16
02 04 13 36 41 49 16
12 24 29 34 38 42 33
03 18 23 32 40 45 38
05 23 29 33 38 49 24
02 07 11 18 35 45 25
01 22 25 27 41 44 03
23 24 30 42 44 46 48
18 23 26 27 40 42 03
16 20 36 39 47 48 35
03 21 22 34 37 40 05
17 18 21 26 38 49 20
07 17 19 24 31 45 38
01 03 18 29 30 31 26
13 14 16 19 30 44 20
03 04 08 15 21 24 29
01 31 33 37 46 47 36
02 15 21 26 42 44 45
07 21 26 36 43 49 16
14 17 22 45 47 49 26
16 21 24 27 29 43 41
03 10 11 20 34 38 04
08 15 24 27 31 33 13
10 15 19 29 31 44 23
14 17 18 22 40 42 37
02 09 11 14 15 30 22
04 05 18 20 30 41 23
03 28 32 36 47 49 16
12 31 32 42 43 49 36
12 14 18 25 44 48 45
14 16 18 19 21 23 03
01 05 19 28 45 49 29
02 11 20 24 32 48 27
10 24 27 36 37 48 29
09 22 28 29 34 37 36