27 38 09 11 28
33 02 37 12 36
23 22 30 29 27
23 39 32 09 03
26 13 12 09 15
11 24 13 08 39
08 17 28 14 05
34 05 30 38 35
37 15 18 20 07
26 23 21 06 33
15 13 20 25 01
27 06 13 31 32
30 27 26 11 25
22 28 10 20 15
21 17 10 11 38
10 13 15 39 28
17 39 30 24 07
15 34 23 04 03
10 24 08 14 21
36 10 06 37 08
17 03 38 11 08
15 10 27 12 05
15 03 04 34 29
18 36 25 26 13
06 12 11 35 15
16 19 03 31 20
39 29 02 13 14
07 11 23 32 35
10 31 39 05 37
20 25 27 16 07
34 15 23 13 16
28 02 34 22 29
28 23 20 15 01
33 28 06 27 24
32 28 37 29 24
24 34 09 37 12
04 36 31 06 17
20 18 08 34 32
09 20 17 21 37
19 09 12 25 16
23 25 06 20 28
19 09 12 34 23
38 21 22 11 09
03 18 31 02 12
22 33 07 23 37
21 25 05 19 11
12 16 17 19 34
02 34 12 30 19
20 31 07 34 11
31 30 02 38 17
25 38 27 08 15
16 09 18 22 06
39 06 16 37 09
21 33 07 01 27
26 38 02 18 01
20 24 39 28 05
18 22 14 02 10
37 06 38 14 34
36 25 07 26 34
19 32 29 12 20
32 36 33 26 27
20 38 11 37 36
09 28 34 25 37
27 23 08 29 22
06 19 22 33 37
07 01 33 35 21
29 31 13 10 11
34 30 01 19 35
21 22 23 36 07
04 12 07 33 34
11 32 30 39 34
08 09 30 39 06
39 25 37 26 31
25 11 01 09 17
24 37 22 27 32
14 28 36 18 26
11 24 32 31 02
22 39 03 38 12
22 14 36 01 20
06 03 22 37 39
10 07 13 02 30
09 04 01 16 06
19 13 15 37 29
15 05 32 39 07
21 10 08 23 39
17 04 29 07 12
01 34 22 10 39
37 23 04 34 39
18 05 37 25 01
08 09 12 07 14
09 27 28 18 04
18 33 23 10 02
30 03 35 36 15
25 22 19 14 35
24 18 21 15 19
14 10 02 09 39
11 05 08 23 38
24 21 18 11 01
04 33 06 05 13
06 11 37 15 39
08 23 15 20 25
13 18 01 31 32
29 32 21 08 04
13 30 07 35 08
35 04 19 13 23
10 17 37 05 04
14 35 29 10 15
39 05 20 33 38
38 21 35 33 28
03 28 13 07 01
36 13 07 32 04
35 06 25 08 18
07 20 33 28 21
21 07 18 01 19
37 07 16 10 01
14 07 29 30 27
23 05 27 15 34
03 02 20 25 01
26 06 10 39 12
12 02 25 23 27
12 02 05 16 03
06 10 01 08 28
38 11 07 12 23
39 19 28 18 35
09 22 20 25 11
20 34 24 22 23
15 01 33 04 25
14 06 03 20 21
36 35 19 22 01
25 37 31 33 34
13 03 28 32 21
23 17 25 38 15
29 19 10 18 17
02 23 01 37 11
39 06 31 34 35
08 12 35 24 34
29 12 19 08 01
19 20 29 14 05
32 27 13 21 08
01 26 20 03 31
35 39 16 15 22
05 17 30 27 23
24 34 03 33 21
19 24 37 06 01
34 38 25 17 35
36 15 20 11 03
28 34 19 12 05
19 09 01 21 10
24 07 20 33 34
08 21 11 18 12
12 15 04 08 20
07 39 17 14 37
28 09 36 32 04
21 39 15 09 35
13 32 04 12 08
36 08 13 02 33
23 10 36 31 09
27 11 07 12 29
22 02 24 38 09
33 13 26 17 16
29 15 01 31 24
26 25 14 36 15
32 28 12 30 05
35 07 30 14 29
16 23 30 05 35
23 28 04 26 17
19 01 07 29 26
03 17 22 31 34
28 07 20 16 04
12 16 39 02 07
10 23 12 19 36
04 36 14 29 07
18 32 34 15 25
07 28 14 25 37
22 20 14 27 29
18 12 27 24 33
18 07 05 35 24
34 38 31 01 28
28 19 08 33 31
37 19 30 02 23
32 37 28 19 13
27 04 38 35 21
23 35 07 10 17
01 03 26 10 15
23 24 36 39 11
26 16 24 25 30
11 24 01 13 27
37 04 06 24 17
25 07 26 20 13
24 38 17 34 12
02 36 31 03 37
01 19 27 36 17
32 37 33 31 08
16 11 12 06 33
04 37 09 26 17
33 35 02 31 28
23 22 01 26 08
05 24 01 08 12
36 02 35 24 06
34 39 11 25 08
21 14 19 34 16
12 26 22 05 07
22 08 27 24 01
36 26 18 04 23
12 01 17 23 13
17 10 31 09 18
11 15 22 20 34
19 03 18 07 23
21 31 11 13 22
22 07 29 27 32
23 18 01 13 33
03 22 09 04 39
31 29 17 01 03
20 11 16 31 09
17 23 29 37 19
17 04 39 32 03
04 27 03 22 06
15 35 23 28 36
12 30 14 09 22
05 04 30 31 01
28 12 31 26 38
33 09 37 26 32
21 06 12 20 30
29 36 23 25 24
36 28 02 18 12
34 36 33 37 30
18 06 05 16 29
39 24 09 31 02
37 06 29 35 21
10 19 32 05 01
10 25 20 17 19
32 07 36 25 34
06 38 17 20 10
38 15 04 12 30
07 16 13 31 24
05 19 12 29 30
11 34 12 19 05
11 01 14 28 06
12 38 24 29 15
09 32 27 03 35
24 28 03 11 31
39 11 32 36 15
03 08 09 11 36
11 39 29 14 32
22 28 24 15 16
38 07 19 18 02
24 21 20 15 35
19 36 38 10 27
32 22 26 13 07
37 14 02 28 15
24 02 08 13 26
24 30 36 21 07
13 39 06 07 27
30 24 13 16 29
38 30 37 01 02
37 19 34 36 31
22 28 13 04 02
33 11 01 18 20
04 03 01 26 19
30 14 22 02 01
20 25 37 12 11
26 35 11 31 37
02 09 24 10 30
38 33 28 32 18
36 17 07 20 28
02 11 18 21 19
12 01 20 19 35
19 04 09 16 29
08 39 22 11 01
08 30 04 27 32
04 35 34 38 19
11 26 16 05 21
09 23 30 10 11
35 02 30 38 37
05 32 36 31 15
29 01 26 23 11
07 04 23 17 01
11 28 03 04 01
37 26 12 01 08
20 15 02 17 08
28 13 32 02 36
01 29 09 10 04
17 37 28 01 16
17 02 24 35 01
03 34 10 37 23
26 12 03 34 23
01 18 04 10 31
17 04 18 29 33
34 30 06 33 32
10 34 11 03 38
38 13 18 37 25
28 38 10 01 12
34 28 14 36 37
36 39 03 10 04
39 26 24 01 27
17 14 18 21 05
11 16 24 35 30
20 11 33 30 27
10 06 22 31 37
09 23 32 22 26
23 01 18 04 31
30 32 28 37 36
33 35 01 34 06
22 20 03 01 09
25 38 34 08 27
05 13 04 22 10
11 21 19 05 12
02 13 14 15 10
17 03 21 15 09
15 36 39 06 07
13 17 16 29 31
22 04 10 17 16
09 37 24 36 27
11 21 33 01 19
02 26 06 16 28
16 20 11 02 37
10 31 16 20 32
21 33 14 01 19
06 29 03 20 22
10 04 19 20 30
02 05 26 29 30
01 08 03 30 36
09 12 13 15 31
37 14 29 20 26
35 07 39 14 31
16 38 32 09 30
06 12 35 18 16
04 26 10 14 24
02 18 24 36 21
35 17 10 21 32
16 22 07 24 06
07 10 37 15 38
09 21 15 13 28
05 24 09 17 08
05 30 37 16 34
10 18 02 21 17
18 31 25 06 26
22 33 07 18 20
05 28 22 29 19
20 12 35 32 11
24 15 22 33 08
03 10 12 19 24
07 05 21 09 04
38 33 25 14 03
04 07 11 19 24
19 21 15 02 17
07 29 11 04 08
27 39 30 25 10
17 25 34 05 20
01 13 15 16 30
33 29 19 27 16
08 33 16 17 38
19 04 18 35 27
39 23 35 33 27
05 34 24 32 26
09 05 35 18 31
29 36 21 31 06
36 28 31 37 04
18 21 11 38 27
20 13 18 23 21
11 10 31 28 34
04 28 24 18 38
20 12 35 08 34
31 11 21 25 38
35 11 33 34 08
03 30 23 02 17
38 32 31 33 30
39 31 30 01 03
21 34 23 14 06
30 25 23 16 33
32 02 29 08 06
33 19 06 09 35
27 33 29 19 20
23 17 04 27 29
28 31 20 07 11
16 20 35 27 07
03 09 35 26 25
19 11 07 20 14
17 12 35 39 29
01 33 38 09 04
30 21 33 25 28
01 04 10 16 37
18 05 30 19 16
29 11 18 06 04
06 12 17 23 05
17 14 29 18 24
07 13 05 27 35
28 34 06 07 18
01 09 17 22 24
34 12 19 06 22
20 31 36 37 05
06 35 10 36 09
14 10 33 27 39
37 18 01 16 04
31 33 20 39 25
09 16 20 38 37
23 20 08 03 05
01 11 17 21 34
16 22 13 34 26
34 05 30 10 12
02 09 32 33 37
27 25 28 20 02
03 17 08 30 16
27 02 08 20 25
23 09 19 39 13
05 10 17 23 19
05 21 19 06 28
18 30 04 22 26
11 38 13 08 01
32 26 08 17 28
15 26 24 22 36
38 13 06 32 12
06 17 10 28 34
24 31 03 39 20
10 23 36 01 29
09 17 25 11 14
10 33 03 13 20
27 22 33 38 30
26 08 15 11 25
06 14 01 17 31
14 36 06 10 04
09 28 03 33 05
03 34 32 29 08
25 39 28 22 18
07 23 34 38 04
27 32 23 02 04
37 08 31 14 20
30 17 31 37 35
28 13 23 37 12
03 01 10 09 20
11 21 35 24 20
28 04 30 11 06
02 18 38 01 13
33 37 01 31 16
38 21 14 28 11
28 27 37 15 26
20 06 21 04 35
01 05 33 28 32
37 03 13 30 39
15 20 04 31 34
37 10 31 01 18
24 38 08 28 39
28 16 02 33 32
34 29 10 12 35
12 06 03 10 26
37 11 02 16 26
14 10 04 17 25
37 33 08 16 36
25 34 15 27 35
27 02 17 23 13
15 25 33 16 10
24 09 34 25 30
27 06 19 30 18
16 32 01 13 23
34 27 39 12 05
37 04 22 13 19
19 02 32 15 03
15 25 13 34 23
03 35 12 04 19
36 07 21 27 23
32 12 16 24 05
30 10 18 19 23
02 15 32 34 37
20 01 37 04 19
08 01 36 25 06
11 14 13 06 10
38 14 35 02 15
08 26 03 23 04
23 38 14 32 10
06 30 03 38 04
03 31 24 04 05
08 14 21 25 28
09 21 33 11 16
39 37 36 08 34
32 24 21 38 05
32 03 31 18 33
15 28 03 04 38
26 19 18 17 30
32 05 26 09 17
05 29 38 31 35
27 23 11 33 36
10 15 25 09 05
01 34 31 37 24
08 01 35 12 13
28 07 03 05 22
19 31 04 26 30
33 08 32 39 23
11 28 24 05 31
25 08 26 34 23
12 29 04 13 05
36 19 31 17 30
08 22 18 24 07
29 30 33 31 34
21 38 02 28 39
05 27 14 23 10
25 24 02 34 01
12 05 15 18 29
30 26 24 18 04
21 08 14 28 36
14 16 18 39 15
05 07 36 10 19
09 31 17 15 06
09 28 32 08 19
21 17 38 39 19
05 38 07 36 31
35 38 27 37 13
31 28 02 26 35
20 30 27 22 14
10 01 17 04 14
14 23 10 32 25
05 02 39 33 36
12 16 18 25 28
14 22 05 08 11
28 14 35 37 16
08 12 28 24 18
20 05 06 37 31
03 25 20 37 11
37 15 02 36 25
38 18 37 08 32
11 25 26 12 35
36 09 34 22 20
37 13 08 03 19
37 39 12 08 36
06 32 17 17 14
30 20 38 39 12
29 21 24 02 03
09 02 11 10 37
12 33 20 39 26
32 35 28 34 27
15 30 01 11 07
10 22 36 20 15
30 02 11 34 21
14 34 38 25 04
36 14 29 35 17
09 25 28 35 08
31 36 24 18 03
32 38 26 08 05
03 24 02 35 09
05 04 25 21 35
33 02 14 21 39
31 07 02 14 39
21 02 36 06 09
08 29 09 26 05
09 04 16 26 31
16 19 38 31 30
08 23 37 18 27
05 30 39 31 18
33 05 22 30 19
16 04 19 25 07
20 12 37 07 39
23 06 15 12 21
26 30 24 20 21
17 37 18 23 05
24 06 32 36 05
38 04 05 32 29
23 06 03 24 35
25 18 36 01 09
10 01 34 19 22
31 23 07 09 15
24 22 02 19 05
32 33 15 39 22
20 06 11 30 03
36 28 22 16 24
06 05 35 27 02
13 18 01 25 09
30 24 03 33 15
21 19 22 01 11
36 29 30 05 10
01 31 25 29 38
38 19 08 09 06
24 10 33 21 36
09 38 07 34 04
12 19 36 39 32
32 31 12 36 37
13 03 04 25 36
11 04 01 29 38
05 07 37 35 13
32 04 38 35 27
02 30 33 31 39
33 34 09 17 36
28 05 27 22 24
38 05 21 17 31
14 15 30 32 17
28 01 16 29 13
24 12 39 03 09
25 28 26 15 08
31 20 25 34 21
11 31 22 16 36
13 23 29 16 31
14 19 37 12 39
20 35 36 16 39
10 24 39 04 02
03 33 08 10 26
05 36 18 08 26
02 32 23 03 01
30 38 06 17 03
29 05 03 30 21
29 38 23 03 35
25 11 30 04 15
08 32 33 07 39
37 01 39 03 29
16 27 11 20 28
20 02 38 17 36
31 02 21 30 01
28 38 36 20 11
29 16 23 03 09
38 36 02 07 35
19 13 07 01 20
37 16 27 15 22
29 12 31 13 36
15 12 33 29 16
22 06 28 37 34
05 07 35 16 39
30 21 26 20 19
14 34 22 33 01
16 39 10 24 01
34 11 01 09 31
16 30 20 37 11
37 09 33 10 20
39 37 26 25 24
13 12 03 36 38
29 31 11 03 09
18 23 22 09 15
39 20 02 13 32
11 12 03 34 27
01 33 39 27 30
36 07 01 34 16
26 14 17 32 21
34 30 09 11 38
05 06 25 38 09
29 21 01 31 20
06 04 12 01 18
24 20 08 10 37
19 25 28 36 15
38 14 15 02 12
09 13 22 27 33
34 38 31 06 23
35 24 31 12 27
15 19 25 33 14
19 34 33 04 35
21 13 27 07 18
04 20 19 06 15
12 36 07 27 16
19 24 11 29 01
18 12 37 21 06
25 10 34 21 17
17 31 32 20 21
34 16 21 38 22
38 28 02 19 10
15 13 20 39 27
09 03 07 24 15
11 31 21 01 29
11 09 32 25 33
31 25 30 10 04
04 29 14 35 02
06 23 07 13 03
27 01 22 36 30
12 13 22 24 33
06 37 21 17 35
03 31 15 26 25
36 14 16 31 37
03 04 23 15 07
37 05 02 27 36
02 21 10 39 37
06 03 01 33 15
09 08 38 17 04
25 03 32 24 17
13 03 06 10 22
01 32 03 24 39
30 14 33 34 28
08 36 38 05 37
19 13 03 21 37
24 02 33 15 23
03 18 09 38 34
13 14 16 17 32
20 23 26 06 01
18 14 10 12 34
10 37 25 29 02
33 16 28 32 17
01 14 25 37 08
23 39 19 03 12
32 05 18 22 23
32 17 37 08 05
11 17 15 08 31
37 28 08 30 25
10 38 34 01 25
26 06 17 07 15
36 20 35 14 06
09 34 16 12 14
26 17 28 31 23
18 01 22 39 27
07 17 14 37 29
17 10 26 07 19
24 26 28 29 37
16 09 29 24 21
16 20 05 01 38
35 22 15 02 32
38 34 07 02 04
10 23 17 39 26
22 38 09 27 17
22 29 27 09 11
11 31 26 01 27
26 22 01 31 29
26 16 15 13 18
16 25 32 33 26
26 14 27 13 08
31 27 06 14 30
38 08 23 27 28
30 23 39 07 19
38 22 12 11 15
24 34 27 14 04
09 27 32 14 18
09 37 13 03 38
02 37 10 09 21
14 20 05 16 03
33 06 31 32 26
34 32 31 24 11
16 23 07 11 05
31 35 07 24 14
31 36 14 24 26
23 24 18 20 30
22 29 18 25 15
05 03 08 09 35
33 02 34 26 31
35 28 38 08 01
02 29 09 17 27
24 13 31 06 26
10 03 26 23 09
07 13 28 18 38
23 02 11 19 16
12 20 36 34 23
30 10 17 11 15
23 39 21 36 15
24 31 32 10 07
23 15 02 21 37
23 17 29 06 37
29 06 25 19 22
34 18 27 13 01
15 03 26 17 06
38 14 37 22 05
17 23 26 03 04
32 30 39 07 35
10 35 02 09 27
15 05 11 39 26
20 35 21 10 08
31 06 18 17 37
26 27 12 08 30
13 28 33 39 37
38 28 22 26 12
28 05 01 31 34
36 35 34 16 11
19 28 06 32 02
37 14 05 15 26
25 23 22 31 34
17 05 10 28 38
39 05 25 32 37
10 23 18 17 03
18 11 06 37 10
28 14 09 27 38
38 15 31 24 07
30 29 13 10 22
02 29 08 07 25
14 25 38 36 33
23 21 08 04 18
34 37 15 17 14
33 10 09 25 31
05 35 15 11 01
16 07 35 29 37
24 15 07 28 14
26 27 29 09 06
10 28 06 27 16
35 19 30 26 25
30 39 37 10 19
37 21 39 04 15
21 37 05 25 20
32 26 22 18 29
05 02 17 07 10
02 30 15 08 35
20 02 11 19 36
19 17 15 02 28
13 03 05 10 29
27 18 05 35 28
31 07 34 13 12
07 21 39 31 06
05 23 27 04 03
04 27 31 19 14
05 27 15 35 03
37 25 11 28 39
30 24 26 06 34
18 11 30 17 16
19 27 29 24 17
19 37 27 01 30
39 33 08 16 36
33 28 16 12 32
31 32 38 29 13
14 36 05 33 38
23 25 32 10 11
33 28 39 19 14
11 18 29 07 37
18 01 25 12 35
31 12 22 19 23
02 05 06 09 23
38 07 08 25 14
01 11 32 36 03
11 17 30 22 15
30 02 35 07 22
05 20 38 16 37
15 32 38 35 03
16 11 02 25 04
05 21 15 01 25
27 39 35 13 31
06 24 04 26 32
19 13 07 38 36
23 09 06 31 27
21 26 38 23 11
02 11 28 09 01
18 19 39 27 35
04 07 34 28 08
11 26 09 39 24
06 22 21 32 24
15 09 02 26 22
09 36 27 33 20
17 16 28 05 39
04 13 27 37 09
32 18 25 09 19
34 03 06 10 25
29 20 08 07 25
33 26 07 15 04
02 21 05 10 34
20 39 11 14 35
19 07 11 27 21
14 11 12 05 28
16 07 30 39 02
17 03 01 38 30
19 22 10 01 28
25 18 22 10 04
06 04 10 33 37
28 03 34 38 33
06 03 25 24 37
35 28 17 08 29
25 23 32 29 02
26 34 18 09 32
35 30 34 32 31
13 26 39 34 09
09 22 10 37 12
34 12 18 10 14
25 31 16 21 33
09 19 01 12 28
17 02 38 37 35
07 31 20 23 39
37 18 35 07 17
36 28 25 37 29
32 29 36 16 04
15 26 17 10 08
36 18 05 23 14
30 15 12 35 24
12 09 27 22 21
15 12 35 05 36
23 11 01 18 04
01 37 05 24 20
27 19 26 03 15
32 10 28 06 04
25 12 21 03 02
05 04 09 03 06
15 08 35 36 27
22 31 39 27 12
13 33 29 01 19
37 38 05 13 06
31 14 15 35 27
17 31 28 15 21
16 38 05 10 19
16 22 26 36 32
14 34 01 30 19
13 08 27 23 03
08 29 30 21 09
33 17 14 24 29
37 25 04 12 10
36 13 08 28 30
26 22 11 30 09
02 15 22 06 08
12 02 18 33 38
33 22 37 13 21
37 11 13 20 01
13 39 27 15 07
28 35 05 21 38
35 36 27 26 10
05 10 07 06 14
37 39 04 17 14
34 32 33 02 21
39 25 22 17 33
31 12 39 09 15
07 24 02 34 23
19 39 35 13 17
35 37 09 33 21
30 25 15 16 38
32 35 22 21 10
32 02 30 09 26
25 03 13 28 04
17 30 12 07 37
28 33 36 13 18
17 37 18 31 22
28 01 21 38 14
19 17 09 26 39
01 09 02 35 18
03 20 29 33 39
23 16 31 17 01
24 28 27 31 22
39 29 02 36 10
22 06 14 11 05
34 21 24 05 02
34 22 27 13 23
37 35 04 02 01
12 39 38 34 01
20 10 19 23 29
04 28 02 29 30
37 29 12 28 15
25 23 27 04 10
16 35 06 31 28
20 17 37 05 34
36 13 37 35 03
39 33 04 11 03
38 28 10 25 11
05 33 19 23 21
07 20 25 36 05
38 34 14 28 15
25 23 03 06 19
04 08 11 25 33
15 26 30 16 29
35 34 36 08 11
39 14 01 22 21
39 12 21 34 15
13 28 25 22 24
14 07 23 22 01
35 30 25 14 26
07 24 14 09 28
07 33 02 29 32
14 32 27 33 07
14 16 33 21 31
34 38 17 36 26
27 29 35 03 15
32 26 19 09 12
32 04 17 24 21
39 18 34 38 06
39 27 35 08 25
26 30 32 28 23
35 12 13 03 04
05 11 17 36 02
27 29 28 19 07
26 09 22 28 31
21 28 12 02 06
38 15 36 05 06
08 15 03 04 34
01 31 11 34 07
13 30 38 05 37
33 12 23 06 02
04 20 35 34 12
08 33 34 10 28
07 18 16 34 39
23 28 38 08 25
06 11 36 22 13
18 39 16 36 35
32 01 28 12 11
33 14 38 29 03
34 12 18 14 05
31 23 05 13 15
31 24 06 15 03
36 09 24 32 05
21 03 39 29 11
14 06 21 03 12
05 35 25 09 02
15 08 28 03 09
02 34 30 08 12
36 08 23 18 33
15 28 36 30 31
02 33 09 21 13
30 25 04 39 33
14 35 37 31 26
24 14 02 37 34
14 05 16 24 34
28 35 27 24 13
13 09 35 34 20
14 23 28 33 18
22 29 20 14 16
19 02 32 39 33
31 04 18 29 16
07 06 24 01 35
39 09 01 08 23
21 24 09 30 11
27 28 05 17 29
24 01 25 04 12
12 27 32 05 30
36 30 23 21 27
11 37 09 15 29
23 18 27 15 17
01 03 11 32 19
02 05 36 30 06
11 12 08 18 15
07 27 35 02 15
06 37 12 33 01
07 38 11 02 17
29 16 09 15 21
04 20 06 13 19
33 31 30 24 32
01 26 21 39 08
24 04 05 01 37
04 15 38 12 08
38 31 19 14 04
33 28 07 36 25
09 36 34 24 05
16 21 23 08 06
06 22 39 05 32
24 14 29 26 06
20 13 28 15 36
07 30 01 18 31
09 13 07 20 24
08 36 35 04 25
33 01 38 27 39
24 10 25 16 01
39 12 19 13 03
20 04 17 09 18
03 35 31 19 15
32 14 04 12 19
33 03 18 22 23
13 30 16 18 29
16 31 35 03 32
34 18 20 16 07
33 25 28 12 03
20 28 17 36 01
34 12 33 13 29
14 30 35 25 15
20 38 27 37 15
01 30 11 24 25
05 09 32 28 20
22 38 37 02 21
09 29 12 05 16
22 28 19 36 21
39 20 34 21 08
17 33 06 01 12
09 11 08 02 06
10 38 12 34 16
03 26 15 24 34
38 22 11 19 28
35 06 23 20 26
08 23 12 28 29
25 32 30 22 34
13 25 02 24 36
13 25 35 20 11
08 36 16 06 10
32 05 26 19 29
28 32 36 31 07
11 10 18 34 38
18 03 14 10 35
04 10 20 39 32
09 13 37 03 25
04 32 21 01 02
32 23 14 31 05
36 14 27 08 28
36 18 17 08 30
05 28 17 36 02
03 22 37 05 11
15 26 28 31 04
04 15 26 28 31
18 39 31 23 36
24 03 20 37 23
25 04 19 06 10
15 29 14 21 18
19 12 35 07 25
20 14 18 37 05
15 38 33 39 24
35 22 05 20 38
36 16 25 21 09
39 18 23 32 26
08 26 22 16 06
39 24 12 11 22
32 37 09 17 25
38 30 32 08 37
37 02 19 28 13
04 28 24 35 19
17 39 36 22 05
10 28 02 30 03
39 28 26 29 18
12 27 17 22 26
38 27 07 19 01
30 11 18 37 03
36 21 02 08 22
33 37 34 29 25
06 03 24 23 08
23 13 26 37 08
30 33 19 11 26
07 38 36 26 34
37 24 04 01 17
18 11 05 14 20
24 38 08 31 13
04 18 08 25 22
07 35 20 01 17
30 38 36 06 37
07 34 27 23 14
03 38 21 07 04
08 36 39 12 33
33 06 02 14 37
32 10 06 08 28
12 18 11 36 02
34 07 08 32 31
09 35 25 24 04
05 09 38 14 25
28 15 37 13 25
05 19 16 35 28
31 23 06 09 39
33 16 09 34 20
21 23 30 11 29
33 22 36 38 39
09 25 02 29 13
05 38 11 14 29
08 29 39 27 18
05 21 14 13 12
17 30 04 18 34
07 26 23 22 39
19 06 35 23 02
27 06 28 25 29
31 18 35 04 28
32 01 03 16 27
33 22 21 29 36
28 31 06 36 07
19 33 34 02 12
22 05 31 18 07
11 13 07 39 10
13 20 23 17 11
21 04 35 22 07
10 13 25 18 33
34 10 05 26 28
32 21 09 03 31
35 05 12 37 21
06 11 30 26 32
05 08 37 24 35
08 16 11 37 30
12 28 35 05 30
24 04 10 30 28
15 34 01 32 38
05 12 35 15 02
36 37 20 31 02
23 14 11 09 26
30 21 33 16 29
14 10 32 23 06
14 33 15 29 38
38 06 02 39 19
24 01 32 38 16
38 27 36 04 28
39 02 06 03 24
02 36 24 33 19
05 01 37 07 08
02 09 24 26 11
19 02 15 35 04
09 04 31 32 25
16 11 12 24 21
12 24 38 02 33
24 22 31 02 36
36 07 03 35 16
18 01 14 30 34
23 06 13 18 03
05 26 12 02 30
20 18 38 31 19
07 18 02 27 03
09 18 39 33 22
37 16 27 05 26
33 36 21 37 07
25 19 29 32 12
14 17 33 35 15
04 39 25 28 36
36 16 02 37 12
26 20 35 34 37
01 21 12 13 25
05 04 34 39 09
11 36 34 01 02
35 27 08 03 39
15 05 29 39 11
15 24 12 23 28
25 15 01 24 30
24 34 23 38 22
09 32 31 34 22
03 17 13 14 05
13 29 30 23 22
23 35 26 28 29
36 21 04 16 25
17 29 08 37 15
23 38 02 09 01
26 33 23 36 25
14 32 26 13 15
29 37 14 38 26
24 35 06 16 38
34 15 06 02 21
19 13 09 35 14
13 15 07 31 05
39 23 25 19 34
04 39 36 21 27
26 33 23 12 25
32 24 38 22 14
04 12 05 15 20
28 31 39 19 22
01 27 35 02 05
02 07 04 30 14
02 01 10 17 28
03 12 36 31 34
06 02 30 17 01
23 05 02 36 21
02 09 26 34 36
35 03 20 39 28
18 15 38 04 08
22 21 09 30 25
14 18 01 03 12
14 21 17 10 31
36 32 21 09 14
08 24 09 18 33
07 14 13 20 33
32 08 27 36 29
39 29 02 14 12
39 32 02 14 33
17 31 16 39 26
14 15 30 20 27
03 05 10 37 15
05 20 27 26 31
14 05 09 35 18
34 36 17 01 32
21 26 20 23 33
27 36 30 09 04
04 03 27 20 16
06 10 17 13 01
12 10 19 24 01
22 13 39 25 03
03 39 04 14 13
33 09 37 38 10
14 25 33 22 18
14 28 23 19 24
37 18 13 15 39
35 22 14 29 07
17 16 20 22 26
37 14 19 13 09
34 20 37 29 39
28 10 06 18 04
38 23 36 16 33
10 22 21 18 01
15 20 03 28 14
08 19 07 16 34
13 11 38 08 30
31 21 24 07 02
13 27 26 38 09
07 14 23 15 30
13 22 16 39 35
37 03 02 05 22
36 32 22 28 15
01 12 02 29 35
34 04 21 07 11
22 08 36 06 10
25 34 37 06 17
12 32 37 38 22
18 04 03 11 10
22 19 37 33 34
28 35 02 22 11
34 33 30 32 25
23 29 09 20 27
17 15 36 21 02
18 14 26 28 36
17 23 35 02 03
18 24 12 22 39
04 09 10 01 16
19 16 23 36 13
05 30 34 19 14
23 18 13 27 38
28 04 38 27 15
11 22 28 05 35
34 32 14 37 16
05 16 07 04 15
01 32 10 20 29
15 02 07 25 34
23 20 19 29 39
08 04 29 14 33
05 07 34 14 35
28 27 13 16 07
15 12 06 14 28
21 14 04 37 27
23 27 02 09 13
22 31 39 16 15
18 38 12 34 02
23 22 36 17 33
11 38 19 37 14
12 30 09 33 23
19 07 10 27 33
18 33 02 34 20
09 25 29 20 15
14 33 04 34 37
31 06 39 19 35
17 33 01 34 24
11 17 31 26 22
30 38 33 39 11
01 23 26 13 18
15 16 23 21 29
22 34 39 23 14
37 21 20 33 24
12 02 24 35 39
34 31 27 05 21
39 28 35 11 06
13 01 22 36 11
02 16 24 32 35
16 27 02 20 11
25 14 16 03 37
38 12 27 16 03
34 08 07 26 37
38 15 10 23 16
36 08 21 19 39
37 21 02 33 38
18 34 02 07 05
34 37 16 39 07
13 27 21 18 16
12 20 28 23 27
01 28 07 27 08
04 19 11 33 22
35 14 21 33 24
30 05 14 03 10
08 04 38 09 21
27 28 29 32 12
05 20 19 11 36
28 37 10 26 34
09 06 16 05 08
04 03 09 23 25
21 10 02 04 14
02 36 16 28 18
26 34 07 20 09
09 12 06 19 30
22 12 25 18 16
27 05 09 15 30
07 12 19 37 03
24 12 21 05 22
15 20 06 10 13
37 01 18 24 12
33 32 14 13 05
26 06 15 38 31
38 28 19 18 35
34 13 15 12 29
34 05 19 04 23
33 15 27 35 24
08 19 37 35 31
22 16 05 07 06
28 13 27 12 32
06 20 18 30 05
22 05 26 07 31
29 13 06 27 28
07 20 17 01 35
08 17 28 34 07
02 05 07 17 15
25 07 32 02 17
03 23 10 19 33
32 27 01 23 10
38 24 23 35 29
22 30 33 27 07
04 16 19 02 05
20 04 24 28 03
30 13 16 21 03
17 05 38 15 28
30 18 26 08 19
16 30 35 31 32
14 36 01 29 25
03 31 09 16 25
39 34 21 10 17
29 07 08 25 15
03 24 13 16 27
35 04 10 14 02
33 05 39 21 02
38 06 39 29 19
26 10 02 13 38
31 35 01 17 04
38 34 09 32 17
09 03 28 18 29
22 17 37 04 33
31 22 05 04 27
29 04 19 05 13
28 23 30 29 18
18 17 33 06 38
07 02 29 18 28
17 22 37 20 26
09 30 39 35 26
10 26 18 08 36
37 31 22 09 16
20 34 02 13 22
21 38 33 32 08
34 31 23 26 12
12 04 36 32 08
29 21 30 07 16
08 23 33 07 39
28 32 37 14 12
26 01 37 25 30
24 06 28 10 36
08 39 26 32 03
17 14 07 16 38
08 17 37 07 15
04 29 15 09 01
02 07 26 20 06
21 22 20 04 03
08 12 02 33 16
13 15 21 07 06
36 39 17 13 32
09 21 39 16 37
27 07 25 28 35
08 22 27 26 10
30 03 25 23 32
05 12 33 35 16
09 38 24 34 37
22 35 37 31 26
18 37 12 02 26
15 26 20 35 38
35 30 29 14 06
10 15 13 09 05
10 27 20 38 03
13 23 36 01 25
08 11 36 27 15
13 20 23 22 18
19 15 04 03 20
34 21 09 03 04
36 30 22 27 16
29 10 36 32 34
04 29 35 32 24
16 38 27 15 29
12 06 08 07 10
24 30 15 29 25
36 23 20 30 10
15 36 23 18 12
10 29 26 35 05
06 13 17 10 25
32 26 27 35 22
24 19 12 09 13
02 30 08 19 03
08 39 31 32 27
24 12 37 32 15
32 17 30 14 15
20 31 22 12 36
23 39 18 01 13
03 38 09 01 02
09 36 08 21 15
13 27 05 03 32
27 19 30 18 21
39 37 11 28 24
09 08 01 32 15
36 21 29 17 22
32 29 18 24 04
09 02 13 15 25
05 19 27 17 33
22 04 32 16 19
04 37 36 06 13
37 29 01 15 38
27 03 28 17 36
19 03 13 11 21
10 28 33 09 03
33 24 38 29 30
19 30 25 14 04
33 02 11 18 31
32 04 05 13 02
36 25 34 03 20
24 11 06 30 22
14 33 31 21 13
08 11 02 14 01
15 26 32 17 08
17 21 35 29 04
09 08 04 32 13
29 04 13 02 17
24 22 39 07 03
05 36 14 28 25
08 19 31 04 38
27 37 20 08 13
17 37 24 20 22
28 16 07 31 22
33 23 25 17 14
05 06 17 30 03
18 06 25 38 20
16 21 34 38 04
32 34 24 15 21
08 34 29 27 14
16 20 03 08 35
38 13 14 21 39
34 12 11 04 38
14 12 18 28 31
23 22 19 13 06
09 37 18 07 19
10 06 07 39 37
09 39 23 24 36
06 25 10 32 16
25 14 29 20 38
04 32 05 01 10
05 14 07 25 33
07 39 20 05 10
39 31 14 23 18
28 36 38 01 11
14 16 01 06 18
17 34 09 19 13
35 23 18 21 13
01 13 11 29 25
39 37 34 33 03
03 10 02 21 27
02 24 15 19 23
30 37 38 34 08
24 35 13 05 31
17 25 09 01 05
04 28 33 31 17
38 31 03 04 10
07 38 32 09 23
09 12 18 26 14
27 29 30 08 05
07 23 37 05 16
36 38 10 05 06
16 04 11 12 08
01 25 32 16 07
37 04 21 33 28
10 35 09 27 39
21 02 37 01 06
04 10 26 25 27
16 25 03 37 20
27 03 05 07 38
06 10 13 02 27
26 30 08 09 16
05 28 24 35 19
21 26 36 39 04
26 24 29 05 25
01 34 35 30 17
15 03 13 04 26
08 12 17 10 34
18 37 06 15 34
21 03 33 05 12
21 13 19 15 17
23 38 32 11 05
07 33 31 36 37
13 37 11 22 01
35 04 08 28 36
06 18 35 09 14
11 22 29 27 31
05 10 33 12 30
01 38 06 22 16
05 11 07 13 29
27 34 37 24 22
19 07 23 14 09
24 37 36 09 14
32 31 38 30 15
23 37 17 04 25
37 01 16 36 13
08 33 10 36 29
01 35 34 37 19
21 28 22 18 02
13 10 05 22 01
18 30 07 29 33
32 05 09 11 29
33 12 39 11 18
32 34 38 02 14
01 18 28 23 05
34 28 27 25 15
04 28 39 32 17
18 29 15 19 37
25 04 15 07 19
32 04 24 18 21
24 38 33 20 19
20 26 19 17 04
26 37 32 39 15
22 24 29 18 05
26 12 01 25 07
34 36 06 19 21
39 13 19 31 23
20 32 29 21 11
02 17 14 15 06
11 29 18 22 14
37 02 39 08 16
18 37 38 32 14
34 11 29 23 37
33 32 30 17 16
39 23 31 27 02
18 05 24 25 21
07 12 18 31 05
37 21 02 03 36
04 02 25 06 03
07 12 18 31 05
37 33 07 26 17
29 31 15 17 37
11 01 25 07 19
23 04 35 07 20
30 01 39 13 16
16 31 04 21 37
28 39 08 35 22
04 26 06 01 12
09 32 02 10 04
08 13 18 30 35
15 36 13 23 25
24 28 22 01 16
30 01 15 37 14
22 29 19 14 16
23 36 32 02 19
26 21 31 05 32
35 21 37 33 25
18 29 07 20 32
38 27 32 33 17
32 03 28 14 02
03 12 24 14 02
16 24 32 08 30
08 05 27 13 34
23 37 19 20 17
06 23 13 34 11
11 23 10 26 37
19 27 17 36 13
27 38 32 17 36
19 23 31 12 25
17 22 05 01 14
23 19 04 15 14
15 39 20 32 02
35 09 14 22 20
28 36 17 02 31
02 25 32 27 08
16 21 23 35 36
17 35 27 26 25
15 21 09 07 30
05 27 18 32 12
10 03 14 38 01
14 01 06 15 34
32 19 23 18 14
20 15 18 10 22
30 32 20 35 13
11 34 26 28 35
16 32 30 22 34
15 31 17 04 30
11 06 22 16 04
23 07 05 39 29
28 07 24 35 16
28 14 32 04 05
22 32 05 04 01
31 17 33 08 07
02 06 28 33 17
13 26 01 38 17
22 01 25 10 29
14 36 15 23 03
37 31 35 34 09
22 31 12 21 04
09 04 27 36 15
06 03 22 01 30
06 36 24 18 11
12 17 39 25 32
07 22 39 01 08
12 31 22 28 16
11 03 26 13 09
26 35 08 05 17
12 27 22 26 18
26 36 09 08 38
38 16 31 30 06
11 28 37 27 06
22 38 02 33 13
26 03 27 37 34
16 23 19 39 05
01 12 05 19 02
33 12 17 26 37
18 13 30 08 31
35 31 13 06 18
34 37 35 26 20
23 13 29 14 02
18 34 24 16 02
24 19 32 13 02
01 35 36 15 10
11 22 27 24 31
25 04 36 31 03
35 01 02 08 28
37 29 22 18 13
27 04 12 17 38
32 37 08 18 34
03 29 12 31 05
31 09 15 20 35
19 20 32 13 30
31 22 27 24 08
30 25 17 24 03
30 17 38 28 26
36 28 20 08 18
05 02 31 15 16
33 01 22 16 26
16 35 29 05 01
06 13 20 29 27
25 14 17 33 16
26 02 21 34 07
36 21 39 31 11
01 20 03 31 22
31 17 22 18 33
21 35 06 03 27
35 24 31 39 18
25 16 10 32 02
04 39 05 10 06
05 12 13 16 24
06 29 17 16 01
33 38 10 13 21
29 34 19 03 37
03 38 26 33 19
21 08 14 17 29
39 17 25 20 32
18 24 10 34 05
39 27 11 18 35
32 16 25 37 15
25 16 31 30 04
22 06 09 04 33
06 28 13 34 26
09 39 38 28 06
06 02 10 26 22
14 39 10 31 23
27 06 05 11 20
02 33 34 37 30
33 21 38 17 36
34 13 14 19 21
34 21 10 31 09
09 12 36 08 07
20 25 37 17 01
39 08 09 34 38
04 22 11 06 35
28 27 11 01 33
19 12 35 16 28
18 36 34 19 10
39 15 34 04 25
15 20 25 07 11
19 39 20 26 04
04 10 20 03 24
06 30 39 15 16
23 27 02 38 24
30 26 04 37 21
04 27 08 07 05
18 36 29 38 26
08 01 37 30 16
17 29 27 11 35
17 09 19 01 03
09 15 08 30 04
15 23 29 32 18
37 24 35 39 10
04 36 19 26 39
29 07 05 02 32
39 28 14 26 15
38 34 07 14 22
02 21 06 27 33
03 20 31 14 33
32 05 39 34 01
35 36 14 09 17
39 06 28 15 09
24 37 35 19 21
02 23 03 30 36
19 03 29 18 08
23 21 02 37 09
28 34 22 08 13
13 05 21 31 32
38 39 15 06 09
10 38 11 19 17
36 21 02 26 14
31 19 26 27 12
35 10 12 34 28
11 21 39 32 30
08 06 39 14 10
12 03 02 25 31
25 08 06 26 27
14 21 11 33 16
02 03 19 14 22
32 01 31 27 03
16 30 14 37 11
17 31 27 02 14
30 18 36 06 35
15 18 02 20 05
15 31 16 12 20
01 34 09 11 18
31 10 02 16 27
28 12 17 01 25
09 11 37 36 31
25 37 18 03 04
20 32 14 39 17
37 10 28 21 07
31 13 03 05 06
34 21 03 10 01
24 38 35 37 31
23 28 09 37 31
04 09 25 34 19
28 20 11 35 04
38 26 08 14 36
18 37 25 08 06
04 16 03 15 02
34 37 03 15 16
34 12 10 06 18
16 13 34 21 11
22 25 33 14 06
36 05 37 31 25
06 22 20 38 33
22 39 24 02 37
39 26 33 02 34
02 35 08 22 16
22 28 06 03 10
02 04 19 10 27
17 24 27 14 30
06 37 26 22 34
06 36 24 17 29
08 20 36 30 18
16 01 29 09 18
24 22 06 10 05
18 08 29 34 19
30 22 36 11 07
05 14 32 35 21
22 31 11 02 12
06 38 07 20 15
25 22 12 14 34
35 37 23 36 34
22 39 21 19 32
39 19 07 30 21
32 31 30 09 27
04 22 32 38 14
30 37 01 06 11
34 18 10 03 39
22 15 33 36 02
33 21 07 09 31
11 21 08 20 10
04 20 08 12 21
10 36 35 02 01
10 21 25 06 30
01 34 37 06 39
22 36 37 13 20
33 39 34 13 24
33 24 20 14 13
12 24 06 09 38
39 03 07 10 36
39 23 06 03 21
24 06 23 28 20
15 32 19 01 12
10 37 18 36 20
13 09 39 02 20
18 14 07 26 32
31 35 08 14 02
01 25 19 36 20
23 09 12 03 19
15 06 34 26 36
11 25 17 37 33
34 20 26 22 13
02 04 12 10 03
24 19 01 14 31
10 09 25 26 20
34 06 20 01 33
01 32 37 24 22
21 31 22 34 14
35 24 17 25 36
04 20 17 16 07
22 37 35 27 30
04 06 23 30 01
10 16 22 14 36
15 06 02 39 04
39 01 31 15 02
21 03 11 33 07
25 14 36 10 18
26 30 39 33 21
03 35 22 15 39
34 05 21 15 22
26 23 04 01 34
21 17 33 06 01
18 04 39 05 08
23 14 39 30 11
37 19 14 27 33
09 14 27 31 19
27 24 07 28 09
27 31 32 09 21
23 37 17 22 33
36 21 06 39 26
27 15 34 09 26
12 36 19 24 18
39 30 07 16 27
01 16 03 12 25
01 05 28 34 08
35 02 19 09 11
25 31 30 36 22
10 25 18 04 17
08 04 01 23 07
01 02 36 08 28
22 29 06 01 13
29 21 02 38 34
21 25 11 31 33
31 30 28 25 19
26 31 15 34 11
28 10 11 13 06
37 14 03 39 25
27 19 26 01 39
29 19 22 24 36
15 39 26 34 11
27 24 02 05 01
34 05 08 02 25
07 20 18 37 21
36 20 17 05 14
15 21 20 31 30
02 20 04 34 08
34 31 12 37 21
04 07 37 13 25
06 34 17 24 09
08 19 14 25 39
03 23 29 38 06
21 02 29 16 22
16 09 35 34 17
15 12 18 23 27
39 08 24 26 02
09 37 16 14 27
19 03 13 34 30
03 15 02 22 25
17 14 15 38 29
31 20 36 07 16
01 23 39 32 15
39 22 11 23 15
22 01 21 38 35
21 01 28 03 05
39 08 18 10 09
09 39 29 17 37
02 03 28 27 36
23 14 26 05 13
16 31 09 24 17
38 29 06 05 20
23 20 05 03 36
13 20 22 05 08
02 25 35 14 20
07 37 38 16 25
03 39 24 18 30
22 07 26 15 28
24 22 35 19 32
36 25 20 19 16
03 39 21 18 38
13 23 28 07 26
32 30 07 16 35
08 32 31 12 04
07 26 38 01 20
07 16 14 05 37
14 06 38 28 29
20 25 38 01 23
14 04 29 37 39
04 38 29 20 30
16 09 35 36 25
14 31 20 33 36
04 35 33 14 22
16 09 27 11 33
09 33 19 17 15
28 24 15 29 09
39 32 09 34 38
36 18 26 29 04
24 23 09 30 13
12 21 32 26 29
31 04 26 22 17
07 05 16 37 35
33 22 14 03 18
19 10 13 34 38
14 39 21 34 15
36 39 24 22 27
05 21 01 19 29
19 31 03 13 29
29 17 32 33 38
20 18 13 06 15
13 03 33 08 37
11 17 02 27 07
15 08 03 06 01
38 39 31 15 22
13 35 17 33 21
11 20 38 07 35
39 04 05 30 16
35 32 37 23 17
23 18 33 06 20
34 22 32 31 09
04 15 39 27 37
08 19 37 10 01
39 22 30 16 21
16 21 18 26 14
34 35 36 30 08
29 18 05 19 06
33 26 18 37 32
09 24 21 04 34
29 31 04 32 20
28 24 22 19 18
11 05 24 33 15
12 26 04 29 30
04 25 38 06 18
21 03 30 16 20
18 32 29 15 19
20 32 33 31 39
17 38 32 33 35
20 14 26 06 35
04 15 34 02 27
18 20 39 15 32
13 07 28 22 32
37 05 29 19 03
31 27 20 18 35
16 27 08 12 15
17 39 33 03 04
20 26 27 31 12
11 16 09 35 17
05 08 13 20 26
33 12 05 16 01
16 38 19 30 36
26 13 05 34 24
08 14 27 30 19
10 32 27 28 37
14 19 39 05 25
38 13 16 31 17
05 23 10 19 06
06 04 33 28 17
17 33 06 15 27
26 16 13 39 08
19 08 32 10 06
35 38 10 11 13
16 21 09 34 17
30 36 18 03 31
05 08 14 23 09
31 24 22 32 37
15 07 02 38 21
21 31 14 34 38
11 27 04 07 21
31 29 19 24 25
30 08 21 05 16
21 34 38 37 03
31 20 30 38 02
28 38 30 26 27
19 10 02 05 15
37 25 38 17 19
17 24 21 34 23
19 24 08 35 23
37 31 21 29 28
22 03 16 08 33
37 11 18 33 21
38 36 39 29 28
20 02 07 30 36
19 05 13 32 38
21 10 33 22 02
06 09 28 14 11
20 11 21 13 28
16 29 11 13 15
05 33 04 32 06
03 08 37 11 21
14 07 22 21 04
06 16 10 34 01
32 13 38 16 30
02 17 08 34 05
15 19 05 16 04
07 10 06 37 08
17 13 27 38 37
27 33 12 39 13
12 04 03 22 07
06 21 38 35 17
37 38 30 03 31
23 26 20 03 24
16 12 36 05 30
19 38 26 30 25
01 07 17 02 25
13 04 36 12 01
15 22 16 31 35
23 22 05 16 38
22 23 17 09 18
02 22 13 34 35
23 25 31 38 13
31 38 14 29 19
17 33 06 24 27
14 36 15 38 01
06 23 25 31 07
01 23 10 04 39
14 18 12 35 16
07 12 11 37 02
34 07 01 17 24
09 14 39 03 08
23 21 38 26 08
05 36 17 27 39
35 06 38 11 02
02 34 37 17 24
07 02 08 01 14
11 02 01 39 09
35 26 29 24 11
22 02 23 34 35
10 14 17 01 34
11 04 07 38 20
28 01 31 12 03
06 24 20 09 34
25 30 12 04 21
39 31 05 11 09
34 19 35 16 20
07 16 12 31 09
31 07 20 17 24
11 13 08 21 16
34 18 38 14 25
15 37 06 05 24
09 15 06 14 36
03 12 29 01 33
28 29 14 18 04
29 37 38 19 27
36 37 13 04 35
33 19 27 29 20
09 39 25 04 30
33 16 14 07 26
17 04 07 35 16
33 07 39 38 05
23 33 08 24 15
17 38 19 03 22
25 08 33 03 21
26 23 05 29 06
17 39 34 22 10
38 08 01 11 14
13 23 37 03 14
08 04 21 13 37
05 23 06 39 24
19 21 39 12 36
27 09 36 28 01
39 34 25 05 36
36 17 37 08 01
14 09 24 11 06
06 05 12 31 16
14 18 28 38 03
34 21 35 13 06
28 09 31 33 07
17 13 03 37 25
19 07 08 18 27
32 12 35 19 30
20 11 29 07 05
10 13 32 31 29
16 21 18 05 20
37 27 16 38 02
05 19 12 02 38
35 13 39 31 27
20 02 12 08 27
25 23 28 22 07
31 01 07 18 15
12 26 16 31 09
36 34 26 11 13
26 01 03 38 39
10 13 29 04 32
38 18 12 28 24
05 18 30 07 34
30 04 18 26 27
07 17 16 32 01
15 16 31 14 29
31 17 11 13 01
04 14 35 34 12
12 19 38 37 35
37 11 20 23 38
02 39 16 36 14
05 36 13 12 22
04 12 17 23 25
34 30 01 19 39
16 10 24 25 04
29 18 20 04 02
05 36 34 19 12
38 02 27 15 28
14 31 30 04 13
30 02 10 12 11
35 39 32 25 36
30 06 02 10 20
06 39 13 34 30
13 31 23 28 29
37 10 08 26 34
23 28 16 19 02
32 09 35 04 22
13 18 33 17 09
15 35 29 13 02
30 11 19 09 13
17 01 16 15 35
27 32 03 20 13
37 34 25 03 23
21 33 05 35 32
26 15 17 05 10
27 14 28 25 19
14 32 21 18 26
09 34 14 03 11
09 34 36 05 25
18 03 15 35 27
19 01 37 07 13
35 28 27 06 38
11 34 07 02 12
10 03 25 39 13
10 17 02 20 29
17 33 12 05 02
25 28 07 11 26
32 26 35 04 02
12 23 39 37 28
20 33 24 06 01
18 16 09 31 05
15 29 05 24 26
20 10 12 23 27
16 32 11 01 39
38 11 08 06 15
17 39 37 18 10
34 18 08 31 27
20 28 30 13 25
05 20 28 18 38
37 14 03 24 23
32 12 16 23 30
21 29 19 34 32
12 20 03 07 39
06 16 10 22 26
19 35 09 18 20
38 12 32 34 15
39 37 09 15 26
29 34 36 10 23
04 18 37 38 03
09 08 17 30 11
34 03 23 10 13
19 36 28 15 39
34 10 17 18 23
22 05 24 10 36
04 16 20 05 11
20 25 37 26 23
02 15 25 11 33
31 38 24 16 19
10 34 17 25 33
14 30 13 15 27
13 32 15 37 20
18 31 14 38 34
30 04 39 20 17
19 39 07 25 02
11 16 10 17 03
23 18 20 35 32
20 03 17 13 31
27 31 08 24 37
14 13 16 18 05
23 13 36 35 17
38 15 26 10 01
15 23 38 01 22
18 10 07 36 12
03 27 13 36 15
05 03 04 37 07
08 17 07 05 09
29 38 30 28 17
13 27 28 14 39
38 04 39 28 26
12 15 14 05 23
27 16 22 03 02
05 28 27 08 14
37 17 38 22 12
04 17 36 37 39
36 23 05 35 04
05 33 16 14 22
36 21 20 27 25
04 19 20 22 05
32 02 05 06 17
18 32 13 23 09
11 35 19 36 31
22 10 05 06 09
04 14 21 27 35
35 14 33 05 21
29 06 30 18 09
26 01 32 29 12
24 37 35 18 19
09 31 23 36 14
33 32 23 09 04
33 22 19 06 02
15 28 39 19 29
03 14 19 18 05
33 07 25 12 37
10 31 39 27 05
23 03 02 37 05
10 29 27 05 30
34 20 15 07 18
08 09 14 34 31
06 27 11 38 18
11 34 17 36 37
34 05 12 28 29
16 36 09 11 37
03 38 34 29 08
27 28 13 26 05
27 13 17 34 36
20 38 24 26 16
19 37 39 11 25
20 34 30 08 13
05 06 12 20 09
37 08 21 27 30
19 01 33 22 04
25 27 21 16 37
08 18 16 31 19
26 14 23 25 19
36 29 23 27 32
38 11 25 30 07
02 37 36 24 38
10 05 22 25 09
39 18 10 25 26
37 08 32 14 03
07 04 36 05 15
02 19 20 14 35
34 30 23 39 26
02 23 30 18 16
37 10 12 27 20
37 17 19 22 24
20 35 09 23 21
16 28 11 19 18
16 20 36 25 14
01 18 32 37 14
27 02 35 24 08
32 04 09 21 13
30 39 11 33 03
13 11 33 32 37
03 36 24 17 38
35 37 25 22 17
23 26 20 35 17
34 21 24 04 22
25 26 02 04 36
05 32 23 16 04
17 22 15 10 27
22 17 15 21 04
29 08 27 17 06
38 21 30 11 18
36 08 19 33 24
26 28 21 29 16
31 07 27 34 33
11 16 28 32 34
39 07 26 20 19
26 21 04 24 05
19 26 05 33 30
32 26 21 10 11
28 30 09 07 18
32 28 14 31 09
16 09 24 10 28
36 16 20 26 19
12 14 13 37 36
29 26 15 21 12
17 11 01 08 09
37 26 12 04 31
24 34 07 15 37
12 13 33 26 39
35 19 05 30 12
11 09 17 34 12
28 09 33 05 16
32 04 23 39 13
29 10 12 38 37
14 28 02 32 17
18 02 35 32 16
24 01 11 32 15
06 08 07 16 10
07 05 13 12 15
21 09 01 10 02
09 28 17 16 21
17 01 27 30 05
10 09 06 02 26
28 05 29 36 13
16 37 06 04 35
23 17 13 39 29
22 23 17 09 29
01 13 28 35 36
36 23 07 10 20
31 30 25 02 14
31 06 16 04 21
28 26 39 25 12
22 17 07 15 25
23 05 06 29 15
20 07 32 02 25
33 01 04 23 16
33 05 08 04 20
20 31 27 14 02
29 04 01 22 17
07 30 17 25 12
12 21 26 30 03
19 15 10 09 24
18 02 15 31 26
38 23 24 25 04
27 14 23 12 11
38 25 11 05 26
29 36 18 08 39
01 12 30 33 16
09 08 23 28 11
27 23 15 19 10
23 33 32 36 35
35 29 20 03 11
26 38 20 09 31
26 10 02 01 11
33 16 03 17 31
38 20 12 16 28
36 37 17 26 34
37 15 29 10 33
03 31 21 18 13
33 29 30 31 32
06 39 15 38 11
03 15 35 18 19
16 34 03 37 38
06 26 21 32 27
34 13 31 35 36
17 10 06 22 27
08 01 28 05 10
13 07 03 30 16
26 35 19 01 03
05 36 19 32 07
25 23 11 16 05
29 12 27 09 05
21 06 33 11 18
12 26 34 03 22
12 20 33 30 23
05 36 07 02 01
01 28 18 24 35
38 12 11 33 13
18 35 02 09 12
27 18 12 21 10
30 26 23 25 12
13 05 22 11 37
20 37 22 15 30
30 09 18 14 03
17 08 33 37 25
34 12 01 03 10
13 36 09 34 02
38 06 17 33 32
14 24 12 07 06
12 39 04 24 36
21 30 18 07 32
05 07 01 14 17
07 39 01 13 05
16 12 21 35 34
05 22 31 35 09
33 29 02 19 17
29 38 37 31 27
17 32 12 22 13
02 13 39 16 12
38 01 29 24 07
01 15 28 05 06
18 05 13 11 04
37 35 23 21 18
28 06 25 11 21
33 30 12 17 28
03 17 15 23 27
23 13 21 17 31
33 35 16 01 14
03 24 26 38 10
17 24 12 09 18
26 38 39 20 27
23 09 20 07 33
16 17 36 31 37
28 06 16 23 32
04 27 34 03 31
04 26 16 25 35
01 23 02 16 14
05 12 07 06 27
22 24 05 02 26
16 18 27 30 17
23 24 33 03 27
11 28 23 30 12
37 21 22 35 09
11 04 06 37 36
09 16 18 26 34
10 35 08 36 27
37 19 17 24 04
20 39 02 10 28
02 23 32 37 05
18 32 13 22 29
18 10 19 07 20
29 24 05 37 17
26 02 39 06 22
28 05 32 31 23
26 38 39 35 21
32 34 05 30 29
27 17 01 20 26
16 30 28 31 10
04 18 03 14 10
37 39 35 04 27
38 30 39 21 01
08 13 16 30 14
01 23 14 31 30
12 24 11 26 23
13 32 23 03 33
12 30 14 06 29
27 26 14 20 10
14 39 24 08 29
26 06 08 29 19
04 39 01 33 10
20 39 30 12 09
17 31 35 25 22
07 10 26 34 16
03 28 11 02 38
18 05 11 30 19
17 33 09 25 14
36 18 29 23 33
03 14 39 24 33
36 05 28 23 25
34 10 12 38 13
27 29 32 23 05
14 02 25 15 01
16 11 03 06 23
01 29 24 16 14
15 37 08 32 33
28 20 26 39 34
37 09 39 26 21
23 08 26 03 15
27 21 38 36 16
10 37 38 35 31
15 11 39 03 18
37 14 04 20 19
31 19 29 39 30
27 31 28 19 05
17 26 09 14 02
30 05 13 09 03
12 29 14 11 32
35 08 21 32 33
25 10 29 18 28
38 36 32 14 16
10 27 09 32 22
21 24 15 20 01
29 05 10 17 37
31 30 27 10 05
18 39 01 09 27
25 36 04 02 23
10 20 11 39 06
27 26 05 30 24
13 35 05 09 07
11 26 09 32 23
13 08 12 38 31
16 17 04 33 06
03 15 31 10 19
06 30 15 31 28
04 34 17 13 30
01 35 36 04 39
25 24 15 12 03
25 38 19 28 17
28 25 22 05 11
25 22 28 33 08
04 35 06 30 07
30 24 10 17 22
22 10 30 20 33
20 18 04 29 06
29 06 27 26 36
02 33 36 34 11
29 23 31 28 17
12 27 31 28 02
18 02 14 04 06
12 32 24 13 07
19 23 15 36 16
21 36 25 20 23
13 08 39 34 18
21 08 24 13 38
34 18 06 13 39
39 03 13 34 27
30 34 10 01 28
01 24 05 07 14
02 08 22 25 36
39 25 02 26 03
18 38 27 09 25
30 01 27 23 02
18 03 22 37 33
18 31 01 27 10
22 30 04 11 02
16 31 08 33 09
15 04 18 37 39
23 35 02 37 21
29 03 08 38 33
29 01 03 25 32
05 29 32 15 12
22 19 09 36 21
21 19 07 39 02
35 13 20 04 01
13 26 25 02 31
34 08 14 07 17
19 24 03 14 17
11 38 36 28 07
34 15 10 39 33
07 26 12 10 39
30 28 39 19 27
25 30 37 10 39
14 08 31 39 22
04 22 10 02 36
20 10 31 23 12
39 31 22 33 32
39 37 03 25 19
34 10 37 24 22
01 28 25 07 23
23 01 06 25 19
33 30 22 14 15
23 19 08 39 11
21 06 15 37 18
36 06 01 16 15
28 32 13 21 09
08 12 21 14 39
24 27 07 20 26
28 29 35 25 04
31 04 09 16 01
34 07 22 33 03
27 39 38 04 37
37 19 18 31 25
11 38 23 06 32
22 35 27 03 18
03 14 25 13 37
17 01 38 20 11
31 02 03 39 11
15 22 01 33 06
13 10 21 08 11
09 26 11 30 13
21 01 29 05 07
31 15 25 08 01
23 13 25 11 10
31 02 12 11 16
13 33 39 08 27
04 34 17 03 32
15 22 12 35 09
22 34 04 13 25
09 10 35 37 03
19 22 06 09 02
03 27 02 10 20
21 39 20 13 30
12 03 10 37 28
13 15 19 34 06
14 23 19 20 04
06 37 08 33 16
10 12 21 05 24
19 06 34 10 28
12 11 38 36 14
30 34 21 10 38
36 39 24 14 27
16 21 02 22 23
38 08 36 05 32
23 24 26 10 37
28 08 04 39 07
26 05 34 17 01
07 36 30 28 38
30 21 18 36 13
15 34 37 26 01
04 30 07 18 34
13 32 01 20 22
15 14 10 07 23
04 34 08 31 16
01 39 11 23 03
28 09 26 21 14
30 26 32 16 22
20 08 19 24 01
34 37 05 23 03
39 38 10 22 17
09 35 26 14 34
18 07 22 35 38
02 15 01 16 14
25 29 28 17 09
07 12 15 06 03
36 24 19 20 37
31 03 36 25 05
09 04 08 23 02
25 31 28 06 10
07 18 05 29 16
24 38 09 14 25
23 31 17 04 39
20 24 13 02 39
11 24 35 23 06
04 01 05 08 37
31 36 20 05 26
23 12 04 16 18
04 05 21 34 08
21 16 12 24 18
08 01 37 21 16
03 27 31 35 18
06 10 18 37 09
30 29 11 23 16
09 18 07 19 33
10 36 09 19 04
29 13 27 07 05
29 08 06 32 20
05 29 04 20 21
17 21 35 15 23
38 20 02 15 06
39 17 35 06 07
17 29 26 18 36
35 34 31 32 15
20 13 39 01 37
33 28 08 24 21
38 34 02 10 35
36 08 12 07 35
33 30 27 17 11
39 17 14 10 30
01 17 02 25 15
39 30 06 05 33
25 34 33 35 30
20 06 16 37 34
27 38 22 36 18
03 32 25 02 08
03 38 01 04 27
34 17 14 33 36
02 17 27 31 28
10 35 12 20 23
34 36 14 20 37
03 25 28 15 10
05 06 18 20 09
04 02 09 36 26
18 21 30 22 13
01 31 09 13 27
14 23 22 18 05
37 29 15 08 06
10 22 39 01 16
06 26 03 14 20
03 38 30 32 29
13 36 38 05 39
22 30 27 31 34
16 33 02 25 28
23 37 35 30 26
25 28 11 33 15
15 26 38 39 32
32 28 38 30 33
37 32 28 27 06
06 23 10 20 35
29 22 07 06 39
14 03 08 18 06
02 29 32 14 12
02 27 19 07 17
37 07 10 01 35
22 12 30 18 14
09 08 17 05 15
03 28 10 32 19
02 03 30 20 09
27 02 05 04 33
12 25 36 11 33
24 25 20 02 19
15 07 22 12 21
05 38 39 18 32
21 34 22 20 23
11 09 04 35 06
04 23 29 13 26
21 18 13 01 19
38 10 16 35 08
18 01 06 24 32
16 19 15 02 31
17 05 03 24 18
32 15 31 39 11
05 14 36 22 15
07 25 08 11 38
06 07 09 20 33
21 17 25 13 01
16 19 28 09 34
20 23 02 07 10
06 33 23 05 08
37 28 21 38 05
27 29 30 01 22
03 37 01 28 19
14 05 03 11 34
10 28 22 09 20
22 15 38 21 07
10 30 13 29 22
16 36 21 08 13
05 01 09 07 11
17 08 32 13 31
02 38 34 29 11
36 19 38 22 35
24 35 25 20 04
04 17 24 18 01
33 36 28 39 13
07 27 38 33 02
21 33 12 08 27
03 05 29 21 26
14 34 18 23 15
34 28 27 14 17
27 09 07 08 33
25 09 19 16 26
34 39 21 24 07
23 31 36 09 04
26 38 22 10 35
36 14 17 32 27
17 25 34 15 33
33 13 01 04 32
04 24 21 11 28
05 02 08 10 22
36 15 35 31 25
17 09 26 03 27
10 17 01 38 04
16 23 39 15 21
24 08 05 09 02
28 27 25 07 35
16 28 20 11 09
05 37 13 15 04
29 25 15 35 20
34 15 31 07 23
17 06 36 33 11
33 21 18 30 26
31 35 25 29 01
10 05 06 02 09
21 06 17 02 23
05 35 31 16 38
14 03 25 01 16
07 18 22 12 33
36 38 20 23 15
18 17 37 25 28
32 06 21 14 34
16 11 31 04 32
15 11 10 09 12
16 10 23 11 05
29 10 28 18 16
31 26 29 33 13
20 03 07 29 05
13 38 04 31 10
18 32 15 04 38
25 14 07 36 27
37 03 20 28 15
36 28 09 37 32
10 19 17 25 09
08 32 34 31 11
17 25 27 19 09
25 29 32 24 26
27 10 21 12 17
35 20 09 11 08
22 05 37 30 39
01 17 25 05 02
39 34 25 29 01
16 32 33 07 25
17 09 10 34 39
06 28 25 19 38
11 23 38 12 21
33 01 15 27 11
22 33 30 36 02
02 10 04 18 30
09 07 10 02 12
08 25 22 27 14
01 39 27 09 10
02 32 34 14 21
31 03 02 09 26
32 27 03 35 39
11 19 23 29 17
22 05 09 38 23
05 31 22 10 23
11 22 32 36 25
31 19 12 25 16
24 36 35 11 03
03 01 02 34 11
36 37 30 03 12
19 27 05 11 29
30 14 28 29 15
34 14 02 11 21
34 18 26 09 04
39 16 04 06 12
24 16 36 29 30
02 04 32 28 20
18 13 11 19 39
39 20 21 24 28
11 20 04 13 35
32 01 05 28 17
15 04 27 09 22
24 05 25 27 21
39 38 13 01 35
29 01 22 12 13
18 35 07 36 10
34 35 25 02 28
17 28 36 10 13
21 16 26 08 15
21 08 17 37 09
05 16 11 26 07
05 30 19 06 04
14 30 08 18 23
08 28 30 33 11
20 32 30 04 35
15 14 27 37 02
02 07 32 27 26
23 16 18 30 11
25 17 31 37 11
21 06 12 29 26
10 32 26 31 04
11 38 16 29 15
35 19 25 21 07
08 12 06 29 13
04 17 12 22 02
35 24 18 07 16
21 39 37 25 04
20 09 11 05 29
17 31 10 04 25
20 09 24 08 05
25 33 27 04 20
10 14 31 20 32
18 38 07 12 11
27 10 38 11 14
23 16 12 10 06
18 34 20 32 35
15 03 19 12 10
30 04 17 24 19
12 39 21 28 35
27 09 32 22 15
01 26 25 35 17
19 06 16 08 15
37 27 15 07 22
35 16 38 20 31
26 13 36 35 08
07 02 35 21 22
11 22 17 24 04
12 22 15 02 21
07 22 21 32 31
34 09 27 11 39
07 22 39 17 35
03 15 17 22 27
19 25 05 33 37
03 34 15 33 28
37 13 16 31 36
19 27 08 10 31
26 12 29 03 09
10 25 32 01 34
39 23 33 27 16
30 12 32 20 28
15 28 21 19 11
13 03 31 01 17
32 02 15 27 22
17 29 38 36 28
09 14 03 06 39
34 38 37 31 32
22 03 18 38 15
22 30 32 10 34
26 13 36 17 04
07 01 12 26 32
35 09 05 17 03
05 08 13 15 20
12 10 29 32 15
29 16 19 02 25
28 32 37 13 19
29 05 23 12 33
23 25 06 16 26
33 20 13 01 24
20 12 16 05 37
30 16 08 17 22
25 34 20 04 05
08 29 16 02 20
38 16 20 25 10
17 07 12 31 22
24 01 34 12 37
18 19 09 36 08
05 19 34 17 12
14 22 25 04 33
30 07 14 04 01
32 16 17 36 33
16 20 22 09 07
39 08 21 13 07
21 24 32 12 06
17 31 07 18 12
16 13 09 01 07
24 33 22 05 32
37 26 01 08 38
22 08 02 18 39
17 38 20 02 06
36 37 34 15 08
20 19 35 17 25
02 39 10 20 13
08 15 01 20 06
12 02 23 33 17
15 28 11 34 18
02 08 19 27 03
18 30 24 07 22
20 32 06 37 08
18 17 09 15 11
29 06 07 30 03
19 30 28 31 16
26 20 09 18 12
37 39 25 30 15
38 36 13 11 29
14 34 21 18 26
06 15 10 14 22
21 08 29 13 02
22 07 09 37 11
27 24 33 26 25
12 38 02 06 11
08 18 14 12 35
30 24 09 27 16
04 09 33 20 31
15 07 09 24 10
34 22 20 31 11
24 34 22 18 04
14 27 05 07 06
04 30 23 05 33
33 16 28 18 19
20 21 36 09 37
11 02 17 26 29
35 08 26 36 11
33 15 17 21 08
13 26 04 37 30
31 28 34 26 33
26 07 08 18 29
23 29 05 31 36
37 12 03 06 01
07 39 08 10 29
37 22 11 04 08
01 06 18 08 09
25 17 13 07 15
30 04 32 20 05
19 25 18 36 27
03 09 08 07 35
36 26 10 29 24
11 01 24 08 34
24 08 06 39 38
17 29 02 38 03
32 27 22 17 05
25 17 20 02 15
20 05 15 21 08
07 20 14 09 01
18 26 20 27 32
02 23 03 34 16
08 31 18 10 02
37 06 04 09 16
15 23 29 34 02
25 28 26 16 12
07 37 30 17 23
06 14 38 04 12
31 33 06 35 28
38 07 24 17 14
27 37 25 34 04
17 04 12 16 14
35 34 20 09 01
20 13 36 32 29
21 07 09 22 19
24 10 29 28 11
28 11 12 10 13
33 09 03 34 11
08 19 07 28 24
06 38 26 02 23
34 08 30 12 10
32 18 01 27 25
23 33 28 12 05
35 04 29 12 22
31 33 17 35 21
32 37 04 02 34
08 15 01 14 38
10 05 25 38 07
01 27 39 29 18
36 34 06 31 24
03 27 06 09 08
26 29 10 36 39
06 11 32 35 15
30 38 35 27 08
27 02 15 11 19
27 16 38 04 13
08 24 05 23 19
04 20 30 03 39
22 18 39 17 19
27 21 05 07 24
23 08 19 21 35
27 25 26 29 36
15 30 19 12 20
09 21 35 36 06
23 25 32 07 20
39 16 36 26 21
23 32 15 27 22
21 38 39 25 15
25 27 23 03 34
29 10 35 30 38
19 02 21 36 32
22 15 24 19 28
31 10 14 26 11
09 18 23 34 30
11 09 35 04 22
37 35 21 17 36
30 34 19 15 23
16 11 35 38 01
35 03 39 29 34
16 31 01 09 12
13 35 34 18 03
11 08 38 26 06
32 15 16 22 35
16 22 11 33 31
16 31 36 33 24
11 04 33 19 16
22 18 07 35 26
23 38 11 22 16
14 11 21 04 20
35 16 07 05 36
36 35 24 38 22
02 19 33 08 27
06 39 27 34 05
04 26 07 27 33
39 07 15 02 38
13 38 06 22 14
16 02 25 09 34
13 23 04 31 11
28 30 17 29 15
07 12 36 05 32
06 24 10 09 25
10 29 17 20 22
12 16 27 03 02
25 27 31 08 12
25 36 09 07 21
30 37 05 36 02
11 32 25 27 04
09 34 25 33 31
22 38 36 30 26
20 10 39 11 35
01 33 05 08 28
17 34 10 14 06
22 26 05 07 03
25 39 06 19 14
01 28 19 16 26
33 29 23 25 08
30 29 15 33 19
23 19 12 14 26
04 31 38 39 07
16 28 14 26 27
22 12 11 06 19
09 20 01 02 22
30 03 25 37 06
11 02 16 25 38
37 28 34 31 17
39 17 26 15 04
33 39 31 13 34
14 35 21 39 16
20 04 26 18 10
03 32 26 24 22
07 06 29 19 04
31 05 19 27 07
26 04 05 23 19
14 17 19 12 21
13 36 34 02 37
21 25 18 27 31
05 30 28 35 11
25 15 07 08 21
11 20 17 36 32
29 12 19 15 36
10 34 12 08 32
36 03 16 21 26
16 15 02 25 18
26 14 04 09 22
13 19 04 20 24
36 25 05 20 14
03 36 37 29 05
14 35 07 21 37
32 28 23 15 16
02 33 05 32 14
14 08 36 23 10
37 39 33 01 09
29 22 33 04 20
10 15 30 23 06
31 02 37 05 22
09 11 24 30 34
02 24 19 16 27
24 28 09 29 27
27 20 37 29 11
20 34 14 38 03
25 16 35 38 37
05 36 33 18 30
37 08 17 35 13
21 13 17 11 16
18 21 17 15 13
32 38 35 30 27
20 38 08 14 33
05 18 26 10 28
38 10 12 03 13
36 04 29 08 17
29 32 09 30 12
36 26 12 14 23
20 03 10 02 30
02 30 28 23 20
26 25 18 14 32
39 13 17 04 33
02 04 36 18 07
37 01 08 15 20
28 29 16 06 08
34 09 29 23 13
08 15 12 35 36
24 07 31 34 35
38 31 30 26 32
29 27 32 19 31
36 11 27 33 16
09 25 12 35 06
07 11 32 14 34
21 38 22 03 30
17 21 12 30 38
01 12 08 39 38
05 23 24 19 15
19 10 18 04 37
29 34 21 27 05
36 05 06 38 07
08 33 28 05 35
30 13 27 31 12
36 33 15 10 05
24 19 25 31 05
01 26 28 37 03
22 09 17 10 26
30 11 28 39 31
16 17 32 30 21
35 04 28 07 12
04 02 35 21 28
25 32 03 33 34
08 07 06 31 04
19 37 25 38 07
04 10 05 37 08
16 21 12 04 10
18 32 06 07 37
27 36 08 03 18
15 30 25 24 02
30 31 29 35 10
32 04 26 23 33
04 23 13 02 08
38 06 04 27 01
19 08 25 15 18
11 21 30 14 16
32 06 17 26 11
19 17 24 37 21
03 33 11 29 28
05 26 34 29 20
14 05 15 10 07
38 13 37 28 21
17 20 30 08 19
26 36 32 28 23
07 15 24 34 37
35 13 39 02 36
35 30 22 28 38
35 06 32 24 31
06 18 31 09 32
33 28 20 34 16
02 29 07 16 33
17 12 34 26 27
25 03 30 11 36
20 25 15 14 08
17 03 27 31 23
13 35 18 17 27
03 22 02 07 19
14 21 10 02 12
02 31 36 15 21
09 05 37 01 03
35 38 01 18 13
10 38 05 19 02
13 36 28 12 04
11 28 06 22 04
23 20 24 28 17
29 25 13 03 06
05 13 20 19 21
14 18 37 02 31
09 22 19 29 16
32 21 24 28 09
02 05 25 14 08
20 14 02 01 37
33 26 15 02 11
38 26 33 31 08
24 29 05 11 12
13 34 29 20 14
30 34 17 24 27
01 18 07 06 36
33 24 21 30 17
22 26 04 27 17
11 26 22 07 37
36 08 22 31 09
01 23 38 35 05
21 25 16 05 24
13 04 14 16 29
01 22 31 39 30
21 25 24 23 11
05 37 17 03 23
39 08 24 18 17
20 02 21 34 29
04 20 19 34 28
08 19 38 10 06
10 30 22 05 04
09 35 34 17 39
28 17 34 16 18
09 39 23 21 06
21 33 22 11 12
38 08 26 19 25
14 36 37 27 30
14 37 30 29 19
34 07 18 03 01
04 08 25 27 11
38 18 10 07 34
32 24 28 18 03
14 01 06 34 29
19 24 21 30 15
21 05 33 38 11
35 11 07 17 18
35 34 30 03 37
33 07 20 39 10
15 30 10 08 04
36 05 18 35 20
18 01 19 24 14
12 39 09 02 07
18 02 06 03 10
26 10 14 25 21
17 04 12 30 08
13 31 39 07 04
34 22 32 28 02
01 28 23 26 36
32 06 07 13 02
11 03 29 07 12
11 06 16 01 37
34 06 27 09 13
36 06 05 15 09
13 07 15 12 23
26 25 12 07 09
08 23 37 35 29
15 20 03 05 14
12 23 28 25 26
32 14 35 23 34
04 33 07 29 01
36 27 30 37 23
36 14 07 22 06
24 19 27 17 02
23 29 34 39 03
37 19 24 31 22
17 10 08 15 31
02 22 01 13 39
22 37 15 13 20
20 13 16 10 01
24 31 21 34 12
05 17 22 24 23
17 10 12 35 24
26 31 30 03 25
24 01 30 34 05
31 05 07 39 32
14 19 39 21 17
28 04 11 16 14
33 10 20 19 23
02 12 39 17 07
18 05 11 02 28
02 08 31 01 18
38 01 24 13 03
38 13 25 07 33
02 06 23 36 08
03 34 27 13 28
18 01 06 24 14
02 15 05 31 17
26 25 04 32 09
33 07 12 35 37
14 17 12 09 32
02 36 14 31 25
20 08 04 31 39
25 27 10 37 22
14 16 05 36 27
15 35 27 30 24
27 14 11 24 32
32 01 15 08 39
29 38 10 15 24
25 29 01 18 13
27 14 11 06 07
08 01 35 33 02
04 09 36 06 33
21 31 02 25 30
22 04 30 02 32
02 28 16 37 15
14 08 36 26 39
07 16 19 37 36
07 08 32 25 29
05 36 08 22 26
11 06 31 36 04
33 38 06 21 34
23 24 14 17 02
07 23 39 32 02
35 38 06 01 14
36 25 15 23 30
31 23 13 28 19
14 09 21 33 32
04 27 09 28 19
08 32 18 14 23
10 21 08 32 06
07 26 23 38 20
12 27 37 16 31
15 21 38 01 35
10 06 07 05 20
32 34 12 36 27
25 32 07 13 28
27 16 29 08 30
20 14 10 23 03
39 08 02 22 27
09 22 32 34 39
21 05 07 08 22
30 01 13 32 07
30 16 39 29 12
01 06 18 39 21
39 12 23 24 25
12 15 04 13 37
04 36 16 38 10
11 03 05 18 19
15 07 04 26 10
03 39 06 04 36
31 10 17 37 29
05 22 01 28 13
32 01 21 26 15
36 35 38 02 15
05 19 27 35 38
12 25 19 28 33
04 24 02 39 03
08 15 20 21 35
16 02 37 18 07
34 26 32 11 39
02 14 19 20 29
16 20 25 03 19
04 31 32 22 25
26 13 34 38 33
33 12 20 23 39
04 18 24 31 06
30 17 15 27 28
28 24 05 15 35
09 16 35 12 29
17 34 24 36 25
20 29 30 21 23
31 05 29 18 08
14 30 08 24 35
19 21 03 08 16
03 23 13 04 30
33 16 05 24 23
03 07 16 37 05
30 27 20 25 15
16 34 25 29 05
24 39 19 15 25
21 38 16 11 34
24 10 09 34 38
31 23 37 06 18
24 10 02 23 15
22 04 34 30 15
11 14 02 05 22
31 36 22 26 20
05 16 33 30 18
20 36 37 01 10
31 23 18 36 21
02 05 26 19 22
17 29 01 27 14
16 10 09 27 37
31 19 34 20 26
36 04 33 16 08
04 28 12 10 30
33 28 16 31 01
13 26 24 37 10
13 14 17 09 20
37 06 29 19 20
30 38 37 06 22
04 19 30 03 25
08 16 21 17 37
24 17 12 37 25
05 07 34 25 36
33 38 39 36 12
16 21 34 11 24
20 37 09 19 16
19 21 34 23 22
08 33 27 18 14
20 25 17 13 16
06 29 12 34 11
18 23 22 15 17
04 10 20 07 09
12 10 20 14 04
02 35 12 38 29
16 12 32 19 24
33 28 11 37 17
09 34 13 32 30
27 32 31 22 20
08 23 05 15 19
22 32 15 26 33
31 26 08 05 12
03 02 18 08 34
01 34 33 18 07
03 23 02 25 35
11 08 24 30 12
05 28 01 38 16
26 07 33 39 15
12 10 28 23 37
04 14 28 27 18
35 37 21 05 18
05 18 29 17 26
26 36 37 18 29
15 37 07 09 05
35 01 31 35 38
34 14 13 37 16
12 28 31 02 23
10 33 02 27 23
23 17 10 21 09
07 27 19 08 06
11 22 24 34 14
32 05 12 25 28
13 26 37 17 23
39 07 16 17 14
08 09 23 03 22
07 03 22 13 21
26 14 22 16 20
10 03 15 28 22
09 20 34 14 38
01 36 12 31 32
04 08 11 36 38
29 21 15 17 27
15 29 13 36 12
06 15 29 21 26
03 33 11 36 26
34 05 38 16 15
36 13 21 24 01
18 02 04 06 14
04 34 20 26 10
36 08 35 33 28
07 28 38 13 17
05 31 39 01 37
02 25 10 11 37
23 32 19 31 27
31 21 25 19 02
02 21 25 37 24
28 29 20 13 37
04 38 28 33 15
25 21 01 09 35
03 12 02 39 20
22 05 24 20 27
22 08 23 11 26
09 15 07 24 25
24 32 26 01 04
39 28 14 31 24
34 02 12 01 27
04 25 31 09 34
28 21 09 22 38
20 07 05 38 39
02 32 26 34 38
27 23 16 19 14
25 19 24 11 21
28 25 12 37 09
23 04 25 11 36
34 27 09 21 33
03 15 30 38 26
30 17 28 14 23
28 20 15 29 18
28 13 07 01 08
07 25 32 29 36
04 09 14 15 21
09 22 02 37 14
27 32 16 14 35
26 25 35 24 38
22 11 36 16 27
39 38 34 19 28
05 01 39 19 29
37 39 23 30 01
01 13 34 07 05
06 26 25 02 14
36 30 18 06 37
24 21 28 08 17
18 35 01 03 22
06 29 39 32 31
19 27 08 36 15
21 22 36 38 07
32 19 06 18 31
34 38 20 17 14
12 35 20 25 06
15 12 25 28 13
26 28 37 31 14
34 26 01 25 23
12 19 32 24 10
01 26 37 17 33
30 21 05 18 31
31 19 13 06 10
35 16 07 04 31
10 30 35 33 27
04 18 32 38 09
06 03 18 25 38
37 06 11 25 12
16 29 35 25 32
18 22 14 04 10
33 01 38 17 13
13 02 14 04 16
10 36 08 02 19
31 30 28 15 27
27 31 19 24 39
13 25 06 08 02
33 17 18 08 34
02 01 07 39 31
13 19 35 17 04
36 16 25 08 33
23 37 06 04 20
05 29 12 03 26
39 37 04 07 12
14 12 04 08 01
12 18 29 28 19
25 39 14 33 02
16 10 31 17 04
18 22 38 24 09
32 15 12 29 14
02 23 22 38 27
09 20 31 34 16
34 03 22 29 05
14 12 25 22 21
27 35 02 17 15
36 19 33 27 35
26 38 24 12 01
04 07 36 05 25
23 18 16 34 04
20 23 28 36 08
10 16 06 32 07
03 33 04 30 12
10 18 06 14 38
39 10 09 27 20
39 08 03 34 04
22 12 14 26 23
29 34 11 32 30
14 12 10 34 37
10 34 38 01 29
30 21 11 27 07
33 38 12 36 30
18 09 39 04 05
21 28 24 19 05
06 21 37 08 29
09 23 10 36 14
20 34 04 33 08
26 37 13 11 06
34 27 35 21 02
30 27 01 06 26
38 39 04 08 18
05 37 17 22 15
36 01 13 16 08
30 38 06 13 22
39 14 25 21 18
21 08 12 20 27
18 12 24 22 35
19 11 12 37 36
20 21 06 09 12
16 22 31 28 14
34 14 08 26 01
09 05 14 23 35
06 31 02 25 30
30 02 01 09 20
20 24 29 13 01
29 34 04 33 26
03 08 13 17 38
25 26 39 09 02
33 18 35 29 34
24 37 25 34 26
07 19 24 26 03
15 07 26 11 09
12 04 23 01 22
32 06 27 37 04
12 29 28 34 31
34 01 03 33 06
29 21 22 13 11
21 30 33 29 35
05 30 26 04 12
14 15 26 32 38
09 10 01 31 28
38 16 14 17 28
39 32 01 37 28
25 12 37 30 16
35 21 15 18 14
10 04 14 26 35
29 34 09 36 33
14 26 19 35 04
37 27 02 19 33
38 35 22 14 12
08 25 34 05 13
07 02 33 10 21
17 25 11 13 30
26 03 11 06 19
09 11 39 24 13
32 35 05 17 25
38 16 33 23 20
07 18 20 35 33
17 28 07 33 08
21 33 20 37 16
26 06 08 16 30
24 25 05 13 32
30 20 12 07 39
17 38 05 03 09
33 15 27 32 26
34 15 13 11 31
32 04 38 33 31
02 06 18 34 39
32 24 01 19 07
21 29 28 31 22
18 32 33 10 16
26 18 11 32 21
32 26 06 13 20
29 30 04 34 32
23 30 22 27 39
15 06 18 03 17
38 03 19 33 25
33 15 23 32 35
22 23 14 30 06
12 30 17 08 24
27 34 03 39 14
31 24 13 05 14
28 23 06 02 21
21 04 37 24 10
06 16 33 20 38
22 28 03 35 18
31 35 28 27 07
21 26 35 15 13
01 31 30 23 20
38 18 16 14 27
03 34 24 17 32
27 37 26 08 14
25 36 17 38 28
07 14 20 27 30
10 21 06 15 16
18 21 34 33 24
06 01 25 36 15
39 22 30 34 17
34 13 22 23 06
32 06 34 12 17
01 05 23 09 13
13 17 15 24 25
31 11 33 26 21
25 06 28 08 31
10 23 28 39 38
03 04 13 33 36
24 32 07 38 31
24 03 20 12 01
25 37 35 24 20
05 34 25 21 23
11 03 01 05 39
23 19 27 17 36
09 13 02 11 14
11 33 25 02 09
19 28 35 33 34
35 14 05 07 38
22 23 27 14 15
08 13 15 17 39
08 13 09 30 22
07 17 11 29 01
02 32 25 22 20
34 36 23 01 29
34 31 37 25 01
32 15 26 16 30
29 26 33 19 39
23 36 08 38 28
39 09 10 33 21
17 29 21 22 07
12 14 16 31 07
28 37 16 12 33
32 07 20 05 25
17 28 18 14 19
21 16 36 38 19
05 27 02 35 19
31 38 36 09 12
14 07 34 08 19
30 09 16 05 33
22 13 06 01 18
20 19 35 07 09
05 07 36 09 31
17 23 03 29 13
33 35 27 21 19
33 24 14 20 18
09 23 20 17 03
18 33 22 24 29
20 06 08 32 05
04 31 08 34 01
27 12 01 35 36
06 04 36 28 35
14 27 25 15 21
37 18 09 33 21
28 21 04 13 11
27 25 01 36 24
06 02 21 27 33
34 17 25 19 08
35 02 20 22 24
25 10 02 23 01
12 09 02 11 16
04 28 06 34 25
32 20 39 11 38
38 01 11 39 33
09 32 28 19 29
23 24 04 21 18
24 08 05 39 17
30 32 27 03 29
25 28 15 39 26
17 22 25 15 24
30 18 19 22 14
22 23 18 24 13
09 39 19 05 26
17 26 23 27 08
18 22 33 16 38
09 16 26 17 34
01 07 14 16 28
19 20 32 34 25
10 23 04 25 12
13 28 14 29 32
36 17 24 14 37
02 28 03 37 21
34 07 24 38 09
19 05 07 09 30
09 25 19 10 16
39 32 19 35 38
02 17 03 01 10
23 33 31 39 04
34 19 23 36 21
16 01 22 05 11
11 28 04 15 05
22 07 32 37 23
35 32 36 26 12
13 25 26 19 33
30 33 17 38 14
39 08 20 35 36
24 18 10 22 16
10 38 37 06 32
38 12 23 01 39
19 07 37 31 13
05 16 11 28 12
01 17 09 21 31
01 32 20 38 11
26 09 17 01 20
03 12 34 38 29
09 14 21 28 26
21 19 15 39 03
34 15 11 05 35
13 19 08 17 01
11 04 22 33 15
35 11 02 31 16
09 30 10 32 26
26 35 10 36 03
11 01 02 15 12
24 02 32 03 25
06 15 13 09 11
26 28 24 39 17
26 15 18 03 06
34 01 02 29 35
03 10 31 01 09
12 31 23 15 36
25 06 08 10 21
12 23 30 27 37
14 35 04 16 31
37 24 35 02 04
20 24 10 39 38
37 08 25 10 15
23 16 32 04 22
28 07 25 32 35
24 27 23 20 38
29 12 39 07 21
30 28 33 34 18
37 18 11 15 24
36 03 06 20 29
02 18 22 12 38
32 26 11 08 38
23 14 27 38 02
16 26 15 04 34
05 39 25 28 37
27 11 03 24 29
24 36 31 07 28
36 02 13 01 22
15 12 08 11 13
18 13 26 01 16
02 29 12 01 32
01 19 20 08 36
29 26 17 35 31
35 01 15 28 24
11 15 06 26 39
10 14 17 28 27
23 19 26 06 25
01 33 02 11 34
31 18 37 21 05
04 26 03 11 28
09 25 37 11 12
39 32 27 25 24
24 38 05 25 22
26 12 18 34 30
25 29 03 16 13
31 32 05 26 23
15 20 25 35 03
03 31 02 26 23
03 36 01 28 23
26 07 10 01 25
30 32 23 37 02
27 26 29 04 16
32 09 10 25 12
23 32 28 14 34
14 30 22 34 02
06 01 27 38 04
32 10 17 11 22
07 19 22 20 31
19 01 33 18 21
29 39 27 23 22
28 19 18 08 02
38 06 35 16 26
12 03 31 14 06
29 27 16 26 19
23 24 03 11 29
11 03 32 10 05
18 05 36 33 38
04 22 32 34 01
15 03 39 01 26
24 36 21 13 14
11 08 04 22 12
16 11 25 19 20
14 37 28 10 35
20 24 05 34 21
13 39 21 14 07
29 17 08 04 01
34 29 13 17 01
02 20 25 06 26
11 16 22 23 04
09 24 04 23 20
29 27 34 23 03
27 09 06 39 17
34 16 35 27 11
32 12 20 23 39
37 38 11 29 09
27 18 06 34 37
05 01 26 28 20
34 11 25 32 08
09 26 23 39 20
32 37 25 22 10
03 28 22 33 39
02 19 33 30 15
37 01 28 10 36
28 31 35 01 32
19 31 32 01 23
13 06 16 34 22
36 38 23 22 28
07 37 14 13 09
21 02 14 27 38
33 38 07 13 32
30 22 39 06 36
08 16 20 14 10
01 26 32 14 25
22 26 01 27 39
01 06 11 23 27
01 18 03 31 08
23 30 25 29 32
28 16 27 14 34
28 10 11 38 37
04 10 06 12 26
36 13 20 04 30
05 29 10 21 02
16 03 34 14 25
24 35 13 28 11
27 36 39 10 37
17 10 19 39 35
10 05 04 03 33
04 22 32 18 17
37 28 22 06 14
04 21 28 35 38
17 27 32 29 10
33 36 22 04 11
01 39 17 33 23
27 35 39 07 03
26 20 05 13 12
14 39 09 27 01
33 01 39 02 18
15 10 30 28 19
08 24 10 34 16
31 17 27 08 11
04 07 13 20 24
01 03 24 34 21
38 37 12 29 35
23 31 02 38 04
01 03 23 39 07
13 25 29 20 08
12 33 23 26 27
23 31 08 24 39
05 28 27 12 19
17 19 35 33 23
38 17 35 01 28
26 04 25 13 36
08 29 33 18 05
02 18 30 36 35
05 01 06 09 31
34 02 20 06 24
20 27 36 10 05
23 08 20 04 27
36 19 18 37 13
29 23 30 02 01
11 10 22 05 09
02 19 05 15 26
19 28 17 35 36
10 21 12 17 04
17 27 39 07 20
05 06 10 27 26
29 07 03 16 15
09 07 02 17 27
20 23 31 28 10
29 15 13 08 11
12 09 10 20 17
18 11 27 28 06
33 26 34 16 27
09 16 12 07 14
01 37 20 18 24
10 29 05 03 13
20 17 02 30 06
11 21 32 01 09
37 07 16 22 29
38 20 05 30 09
30 32 34 03 11
20 16 39 33 10
07 22 03 16 31
27 05 06 16 31
26 12 25 30 09
29 23 05 32 08
19 27 30 28 03
19 22 13 38 30
27 04 29 07 18
35 24 07 02 01
37 24 06 09 27
20 23 07 35 31
27 29 11 10 28
15 08 03 17 38
32 27 13 04 21
30 06 16 03 29
13 02 28 12 23
26 34 28 27 12
27 24 19 06 01
08 11 23 06 39
15 18 21 36 14
25 23 35 36 03
33 37 29 08 38
28 07 22 04 10
09 36 28 17 33
36 33 16 25 15
32 20 30 26 31
32 23 03 08 11
17 32 20 38 01
05 09 31 06 30
33 26 15 03 18
21 04 30 28 03
32 07 02 11 14
36 23 08 34 24
01 23 21 07 09
32 10 33 05 29
03 18 17 23 31
13 09 27 02 14
27 23 36 26 17
39 30 05 35 13
26 29 14 24 16
25 39 04 29 02
16 09 34 14 25
08 22 04 36 05
25 13 07 33 09
25 38 18 05 26
36 08 32 13 21
03 02 18 12 22
16 11 02 17 08
05 20 30 27 12
30 07 04 24 09
36 07 05 08 38
02 25 05 01 21
22 28 23 08 29
27 35 25 02 39
30 15 05 22 12
26 35 38 20 17
18 09 03 07 37
20 14 21 06 26
05 25 38 10 26
26 17 05 08 34
37 23 25 13 08
27 16 08 17 21
15 24 13 12 18
24 26 14 10 17
28 36 03 34 20
22 18 33 14 27
12 37 34 04 08
29 39 31 35 19
04 39 29 22 07
19 32 25 36 03
34 38 29 22 02
06 05 30 14 19
27 24 10 17 16
38 11 30 23 09
26 16 18 10 32
30 21 24 10 20
26 22 23 25 06
17 39 26 12 38
21 10 05 09 37
36 19 08 04 24
30 22 26 18 19
38 33 23 24 22
15 01 11 30 14
33 24 27 19 29
20 16 26 14 38
38 30 18 34 24
07 22 31 27 18
17 13 31 01 11
29 08 01 05 30
02 09 06 01 35
06 19 21 18 39
34 30 02 10 26
23 05 17 11 14
29 05 19 08 04
27 13 34 01 21
35 11 02 09 14
05 01 35 29 21
37 35 09 33 06
16 07 13 37 02
32 07 36 24 39
03 07 23 31 20
05 23 37 07 10
27 10 04 05 21
11 19 31 01 34
22 23 02 32 39
38 13 02 32 19
20 35 05 30 37
17 33 10 37 01
39 04 28 32 11
28 30 08 23 24
37 09 33 18 25
05 28 25 13 22
15 31 24 06 28
05 16 38 37 30
19 24 20 14 17
16 10 08 21 36
21 27 29 02 06
33 04 25 13 11
33 16 35 38 34
09 17 37 07 26
30 06 29 39 05
25 15 18 04 26
39 36 24 29 23
23 04 01 37 19
01 25 32 20 13
15 31 18 17 33
25 10 17 04 12
18 21 31 17 13
12 30 18 26 28
04 15 37 29 33
04 28 23 02 01
08 20 21 30 14
30 03 07 31 17
21 06 26 34 27
35 14 13 31 28
37 33 36 11 23
16 29 32 21 14
34 39 17 29 24
31 28 17 03 02
10 16 27 28 01
36 02 06 26 29
17 23 16 32 15
20 23 11 39 13
07 20 12 33 04
04 21 24 09 23
38 32 26 31 01
29 11 13 06 15
06 01 15 12 07
05 04 20 29 24
27 35 16 30 38
07 35 03 33 08
39 02 15 27 19
20 18 19 38 30
25 01 04 11 31
27 13 15 22 06
24 14 39 05 33
27 18 24 29 06
18 37 39 10 19
34 10 05 17 19
20 24 39 23 17
32 17 12 36 06
27 05 24 10 15
14 09 01 18 17
34 24 29 22 27
27 30 07 20 26
20 36 22 30 06
27 21 34 37 38
21 01 06 35 36
24 34 20 17 18
30 15 20 37 07
35 06 20 22 27
20 32 06 37 25
05 34 13 21 09
38 03 11 08 19
25 16 31 13 26
08 23 04 24 34
22 29 33 24 06
04 26 08 30 17
33 39 01 34 09
18 23 14 20 08
33 22 38 22 26
24 20 21 25 18
04 36 06 16 23
36 01 27 23 10
20 14 29 02 22
31 27 11 09 01
20 21 34 03 02
09 10 32 27 15
26 14 03 33 09
24 31 08 23 18
13 20 26 37 38
38 01 35 23 25
38 03 35 24 09
09 06 07 21 32
31 39 36 29 12
24 25 28 17 04
38 12 02 34 17
37 25 30 19 20
39 04 08 01 07
08 26 21 04 24
17 24 08 06 38
19 28 05 26 29
39 31 38 22 35
04 39 18 27 29
07 11 24 39 01
36 30 02 07 03
38 10 13 11 23
14 17 11 24 19
07 17 01 18 15
27 10 13 06 16
11 06 27 38 37
11 08 14 26 13
04 02 13 28 23
18 17 04 26 08
06 36 25 16 28
12 17 35 28 21
24 15 25 32 26
01 20 04 02 17
17 28 09 25 36
19 11 32 01 26
10 03 24 16 37
20 01 37 19 03
07 22 31 02 37
08 35 18 20 29
35 09 12 22 30
21 01 24 28 34
33 15 12 28 13
10 27 26 06 11
06 12 19 33 05
24 14 08 27 15
19 14 17 20 05
23 11 01 35 25
34 08 36 15 17
07 11 20 15 16
12 02 15 35 22
18 36 09 29 14
15 08 17 24 02
02 15 38 29 23
28 24 38 07 32
36 30 19 01 23
01 32 37 19 05
20 24 15 09 05
35 25 15 11 32
28 21 16 38 09
05 03 34 36 21
01 20 14 34 10
26 35 37 18 24
17 11 34 04 06
02 32 16 03 22
01 36 20 28 11
29 36 32 12 10
13 07 30 23 22
13 09 34 36 26
36 37 10 24 13
38 26 07 03 14
39 19 11 36 09
24 38 09 06 17
30 20 16 21 31
19 08 23 16 06
03 26 23 10 37
39 17 01 03 16
09 35 21 05 16
13 11 03 19 10
07 01 23 21 06
28 19 15 29 17
36 35 34 26 23
23 16 39 37 13
37 23 31 12 20
02 01 18 35 17
16 37 20 30 14
16 22 26 20 21
26 13 05 27 23
36 28 12 06 17
24 37 04 25 34
18 05 01 12 30
15 26 12 01 05
27 23 38 26 20
07 20 34 03 14
02 26 20 01 23
34 03 18 12 14
23 32 38 16 18
22 01 09 08 17
28 20 13 27 03
27 21 05 18 22
07 06 20 19 26
24 19 22 10 26
01 17 20 30 27
28 14 01 19 27
19 37 35 38 09
23 10 30 08 05
04 32 21 33 16
07 26 01 29 34
14 24 06 37 19
22 10 14 38 09
18 01 27 08 09
32 27 21 25 39
34 38 36 13 32
10 23 25 39 05
05 10 15 16 21
19 24 07 16 10
37 36 31 04 06
11 12 26 05 10
28 13 17 24 18
01 04 23 32 11
22 05 01 26 19
13 28 04 27 09
25 07 37 35 33
35 32 31 36 21
39 13 07 11 25
32 08 18 14 03
23 01 10 29 07
32 21 38 30 11
17 10 04 27 36
28 11 35 22 18
11 29 01 17 34
10 14 19 20 35
08 23 26 03 13
08 12 33 35 22
11 22 09 07 32
30 05 10 31 01
10 15 12 35 32
10 36 14 15 38
34 23 12 10 38
35 20 25 02 09
36 24 31 28 33
08 06 12 25 23
17 25 01 36 38
29 12 10 17 35
24 01 10 38 35
09 35 07 02 29
25 20 34 06 16
04 20 02 34 18
22 39 17 37 34
11 13 23 22 06
12 08 20 03 33
17 37 25 06 07
22 07 21 28 02
08 31 07 23 25
29 01 04 09 39
24 20 23 16 35
19 29 04 37 39
25 26 05 07 08
08 16 02 28 22
11 06 13 10 05
05 17 21 16 01
24 22 12 31 35
23 22 16 07 12
35 23 32 08 10
07 32 35 21 17
31 13 19 12 20
13 15 29 04 32
39 21 23 36 20
39 29 08 27 19
21 13 07 22 03
07 33 08 17 06
31 23 19 26 34
37 17 14 15 28
15 31 36 17 11
30 08 21 14 17
25 16 37 13 17
31 29 28 10 36
07 02 31 39 28
15 36 33 27 03
12 18 37 27 09
05 17 36 27 08
37 13 30 35 31
38 09 33 34 04
14 22 31 23 06
14 12 24 36 23
25 03 14 37 33
36 32 07 30 06
21 26 24 29 32
24 38 35 23 32
27 19 38 11 01
31 32 23 35 18
32 04 30 35 06
04 29 33 37 19
14 36 29 01 11
39 12 15 06 13
01 03 10 24 17
12 06 39 15 20
19 03 38 08 22
16 05 11 03 07
22 13 01 33 14
18 03 33 27 22
04 03 17 25 13
17 35 27 33 25
17 36 14 32 27
17 07 21 27 18
28 31 39 36 08
29 20 13 11 33
36 39 33 01 12
36 04 10 37 12
11 32 31 03 39
06 12 14 35 28
35 29 36 05 31
04 23 12 20 17
31 17 26 35 32
17 06 29 33 39
06 15 17 24 09
04 39 28 06 26
20 28 19 31 38
32 26 02 05 07
29 27 20 23 08
20 24 35 01 32
39 10 19 11 21
29 01 11 25 17
35 22 27 37 23
13 12 30 37 15
35 38 09 28 26
17 37 29 04 07
25 18 24 10 15
18 14 01 12 26
15 23 31 07 25
02 17 07 18 26
31 16 21 02 37
30 06 07 08 09
22 14 09 38 36
16 24 09 32 38
32 38 16 09 01
10 18 17 28 20
08 31 01 17 12
16 01 38 08 05
03 30 05 27 35
12 17 06 18 24
20 23 21 25 13
17 30 09 27 06
33 35 04 05 17
24 28 04 33 25
09 25 24 36 05
10 32 20 39 34
04 29 27 25 06
04 18 07 19 11
02 04 11 08 22
12 09 18 38 22
29 22 23 31 08
38 20 17 30 28
01 19 07 03 30
35 37 05 25 27
18 37 30 03 08
10 16 07 34 24
35 03 19 37 17
10 16 36 11 15
08 19 38 26 12
38 01 10 05 31
33 18 29 31 24
37 11 24 29 06
27 17 20 08 24
15 31 34 26 14
03 32 36 39 11
32 18 23 03 33
37 05 32 12 02
39 02 24 36 14
04 35 28 29 15
19 07 18 39 12
04 27 35 29 20
38 02 08 37 28
15 35 27 33 08
09 04 22 39 26
01 07 38 15 17
12 28 04 37 07
23 04 20 12 27
25 08 17 39 03
06 12 14 04 25
09 32 39 06 03
17 19 02 06 38
06 32 01 03 19
12 33 19 07 16
34 23 01 17 30
05 22 01 34 12
35 31 11 10 39
31 18 34 10 29
18 20 15 19 35
05 12 36 32 22
34 02 33 03 30
04 15 23 30 16
30 01 29 28 14
09 35 28 32 03
38 02 11 03 19
35 19 06 23 07
10 28 37 01 19
15 09 19 25 20
26 30 31 37 22
05 39 30 24 25
18 08 22 13 04
15 16 38 26 28
36 37 21 27 23
20 06 30 13 36
30 06 18 24 26
16 24 29 22 02
05 11 17 01 31
04 16 11 33 05
01 35 29 38 39
12 28 30 11 25
08 09 18 28 02
11 22 20 34 10
21 24 11 31 32
34 11 01 04 36
21 29 06 36 25
04 24 22 34 13
02 27 31 36 14
32 10 34 06 39
20 23 13 30 33
20 39 14 18 23
21 03 35 09 33
26 27 34 17 33
07 18 33 25 12
22 38 35 19 02
25 12 32 21 01
21 05 32 34 15
28 11 09 30 14
32 02 24 25 13
26 15 18 13 06
34 13 27 23 25
24 05 09 17 26
13 18 17 15 35
34 02 32 19 25
37 01 08 02 26
35 02 25 32 20
01 32 04 20 07
22 17 04 24 12
15 03 32 38 22
25 24 36 26 21
11 08 23 36 32
05 19 03 20 30
35 36 28 23 27
04 26 10 24 17
10 16 24 20 14
08 24 34 19 20
28 14 16 25 15
17 07 15 05 03
01 05 24 07 06
36 01 07 17 29
20 39 02 23 17
15 02 26 31 24
14 36 34 13 32
21 15 29 27 16
23 38 30 05 09
28 29 25 13 09
10 11 28 18 08
21 27 30 05 03
33 31 13 16 03
34 19 36 35 03
13 11 35 34 33
25 01 19 06 10
20 35 13 04 28
36 23 12 18 25
33 15 26 14 21
33 05 09 18 28
38 23 32 34 21
16 29 05 13 03
25 06 07 18 16
39 08 29 15 19
10 07 20 37 31
10 07 13 04 31
23 35 34 36 14
23 02 03 30 18
10 18 20 27 08
27 39 17 11 05
07 06 23 36 04
07 09 03 38 36
05 27 11 02 30
18 38 06 15 27
35 22 01 39 16
39 26 13 12 25
02 04 18 39 30
37 09 03 14 10
02 20 11 36 17
07 13 16 28 03
05 26 39 28 01
06 17 08 04 09
33 27 21 14 32
36 24 22 33 01
01 26 16 19 38
15 26 09 38 17
03 33 38 35 31
18 35 13 17 39
06 27 32 38 29
05 11 30 24 38
19 08 37 24 20
12 30 29 22 36
24 03 09 35 34
01 30 31 20 16
12 23 38 18 08
33 05 16 17 38
17 38 39 22 20
19 14 22 25 15
35 12 09 25 39
23 19 39 15 06
12 34 19 01 02
10 38 20 31 34
08 11 23 19 34
18 17 11 38 02
38 14 37 35 12
38 14 39 35 29
21 07 11 22 04
21 09 14 28 34
15 33 05 29 09
22 16 23 30 05
07 37 15 32 04
03 15 26 08 17
31 34 27 23 35
15 01 22 06 36
13 08 37 25 23
38 16 28 02 11
28 33 11 10 30
05 17 22 39 35
24 35 17 34 13
18 34 07 37 17
15 10 17 28 32
21 16 23 06 15
27 05 16 11 24
26 03 13 16 14
10 34 12 18 30
24 32 11 10 38
09 11 10 35 25
28 21 05 24 01
14 33 19 12 34
20 29 06 04 11
14 10 17 20 07
19 23 10 16 17
04 07 38 02 30
10 35 18 19 33
18 34 37 19 26
03 23 29 14 30
26 35 02 10 25
03 21 24 07 06
29 34 27 09 35
30 27 13 20 12
31 19 12 01 13
14 13 18 08 12
22 39 12 33 03
17 25 06 21 29
27 16 03 26 36
28 34 01 21 29
19 08 17 12 05
05 17 25 07 37
03 23 26 13 32
32 04 37 29 17
39 07 31 37 09
09 33 02 29 03
36 07 03 25 37
23 20 21 05 02
02 37 27 20 26
09 29 39 20 36
34 19 36 32 23
20 18 22 15 23
29 18 11 13 17
07 19 25 27 15
30 13 20 06 07
18 38 35 20 11
32 25 24 29 10
02 26 37 29 06
15 19 05 01 36
07 11 27 03 20
10 23 33 39 26
02 19 09 21 07
25 38 21 20 08
29 30 25 14 03
16 10 36 24 14
31 14 32 38 07
37 32 04 13 29
10 34 03 12 09
22 12 14 08 28
03 23 02 11 27
33 09 29 31 18
31 13 02 07 11
01 04 37 14 38
21 38 11 15 12
20 14 10 04 19
06 10 33 05 04
22 09 03 37 33
16 03 19 15 31
01 31 22 19 12
20 17 25 36 23
27 24 37 34 31