03 11 13 14 18 21 22
12 17 21 35 36 43 14
10 21 28 32 40 42 45
04 11 13 27 29 35 42
14 16 31 36 42 43 39
06 09 26 31 34 44 37
01 13 16 28 38 45 17
09 12 21 29 31 33 47
02 23 27 30 39 44 26
01 09 18 21 38 45 35
12 15 27 37 44 45 33
01 06 08 17 32 47 40
01 07 08 19 30 37 16
11 15 31 32 33 43 01
18 22 29 31 37 41 13
08 10 17 24 27 38 12
03 07 15 19 28 29 01
24 30 36 37 39 41 14
01 08 16 23 33 40 11
08 15 18 21 39 45 28
13 19 26 33 38 46 09
02 32 34 39 40 45 20
07 10 14 21 29 30 43
07 21 26 36 41 46 13
03 06 13 24 31 37 27
01 10 11 19 27 37 31
11 17 18 24 32 38 05
02 06 08 32 44 45 04
01 10 12 19 24 39 03
03 07 16 21 34 45 39
11 16 22 31 34 41 35
02 04 13 22 29 42 23
07 15 26 29 34 42 22
10 20 26 31 36 40 47
03 04 05 06 37 46 09
02 05 09 15 17 44 39
02 13 16 30 39 40 15
03 10 20 30 36 38 40
07 14 35 41 44 45 27
09 12 31 36 41 43 28
12 14 22 25 27 40 24
02 15 33 34 35 44 21
04 08 15 24 41 45 28
03 08 12 13 32 42 11
07 25 29 31 36 43 34
01 09 13 30 31 47 02
32 33 36 41 42 43 17
01 03 06 17 29 34 32
11 12 19 34 35 39 08
06 12 29 32 39 44 24
05 10 13 22 35 41 34
04 26 31 33 36 38 28
05 32 34 38 39 49 08
10 20 21 33 40 44 34
10 20 26 28 35 48 13
14 19 23 36 44 46 07
09 24 25 27 36 38 41
07 13 14 20 29 32 28
11 22 24 28 29 38 20
01 11 29 33 36 44 37
09 12 25 31 43 44 05
01 05 06 31 39 46 44
01 23 25 32 43 44 30
06 22 25 26 27 45 36
03 07 11 22 28 36 18
09 10 11 15 19 28 37
05 10 24 32 39 49 01
05 15 26 27 28 35 02
05 28 29 31 44 46 45
07 14 26 32 41 49 12
04 23 24 25 38 40 37
10 17 36 43 45 47 33
02 06 16 26 36 41 08
01 03 08 25 43 46 21
02 07 12 19 23 49 04
22 24 28 33 36 39 41
03 07 31 32 35 47 15
03 04 23 25 31 44 35
10 37 40 42 43 46 30
15 22 34 40 41 47 10
08 14 16 22 37 46 36
11 23 32 33 43 48 02
05 13 19 27 29 35 40
15 19 25 34 38 44 05
01 10 34 41 47 48 19
10 12 15 17 34 42 29
07 15 24 41 47 49 25
06 10 11 32 35 46 22
05 09 20 30 32 42 02
05 09 18 25 47 48 17
01 12 14 33 36 37 13
05 07 16 37 42 44 38
01 13 18 30 32 46 19
08 12 19 22 29 41 01
08 10 14 25 43 44 41
02 03 08 22 27 28 45
01 03 12 23 31 48 34
06 07 29 32 42 46 01
05 08 09 26 33 38 28
02 06 14 25 45 49 42
03 15 22 23 42 47 18
04 16 18 25 29 41 21
19 21 40 42 46 47 33
17 19 26 31 37 43 38
09 11 14 17 24 28 46
11 21 27 31 37 44 01
05 36 37 38 46 49 17
07 15 16 23 31 35 08
06 18 39 40 41 42 09
13 18 23 24 26 33 15
01 11 18 19 39 40 42
10 14 22 34 40 43 04
10 18 19 28 40 44 24
05 06 16 23 26 27 46
09 10 12 26 38 43 15
08 17 21 22 23 49 24
07 11 13 28 32 33 20
02 34 36 39 40 42 29
16 20 21 43 44 49 06
06 14 23 27 36 38 49
05 10 25 30 41 46 48
04 05 06 07 08 28 23
07 12 20 27 28 43 46
04 11 18 26 31 46 16
11 22 23 28 38 40 29
04 08 12 24 39 40 18
10 16 19 20 40 49 24
01 13 16 24 41 48 35
13 19 23 28 42 45 15
04 09 12 21 25 34 36
09 32 33 38 42 44 43
15 20 35 40 45 48 30
10 20 22 31 35 39 17
02 03 20 21 43 49 32
08 10 22 23 24 35 33
13 14 21 23 39 42 36
13 23 28 30 34 42 20
09 21 22 26 37 48 35
12 17 30 40 43 48 18
21 29 32 38 41 43 07
06 11 13 24 40 47 42
07 11 13 23 31 33 28
09 15 27 28 37 39 33
12 18 26 34 38 45 43
07 14 26 27 31 36 43
11 14 17 20 42 47 27
19 30 37 41 47 49 03
03 08 10 19 31 35 36
07 19 30 34 37 44 48
11 20 23 29 32 33 35
09 17 20 29 34 35 18
08 29 31 32 36 38 12
06 28 39 40 43 45 42
08 14 17 23 28 43 26
01 27 28 29 31 49 06
13 16 19 31 39 47 29
02 12 21 37 47 49 11
09 27 30 33 44 48 37
10 19 26 30 32 44 29
03 14 27 31 38 44 26
03 11 18 22 24 37 49
03 04 10 24 26 47 12
02 10 21 22 37 44 47
07 09 26 29 37 40 11
14 16 18 32 44 47 02
05 06 12 20 39 47 38
01 12 13 16 36 46 49
01 06 15 21 23 33 30
24 28 29 30 42 49 47
14 17 28 31 37 43 39
01 04 05 07 09 27 21
12 16 21 24 30 39 07
05 07 10 23 31 34 38
02 06 09 14 17 29 22
18 24 26 29 30 46 39
12 14 25 30 34 35 23
02 05 06 11 20 34 32
05 15 17 18 24 47 07
16 29 31 33 36 38 04
02 22 39 41 42 45 26
02 12 17 31 37 40 01
16 17 26 28 40 42 44
06 09 18 26 33 38 29
02 11 17 18 20 27 10
02 03 06 08 25 39 38
13 16 20 30 36 47 24
09 10 18 21 36 45 06
08 14 31 33 36 42 34
07 10 21 25 37 39 09
05 06 27 28 36 41 47
15 16 17 22 25 28 12
01 04 17 26 38 44 11
07 12 21 28 31 41 03
01 05 21 28 35 41 38
02 04 13 43 48 49 24
04 05 14 18 28 31 24
02 03 09 13 31 43 10
02 13 20 22 39 49 41
02 07 09 40 41 42 28
10 18 24 27 28 38 21
04 07 10 15 19 39 22
08 23 31 33 41 47 38
17 28 33 38 42 47 34
19 23 31 40 44 47 03
09 16 30 31 32 37 24
06 27 36 38 43 49 40
14 20 26 39 40 42 12
24 25 35 41 44 47 38
07 10 15 21 30 43 08
07 21 25 42 47 49 01
10 11 17 19 39 45 15
04 08 12 15 23 33 36
06 09 18 22 31 41 24
05 06 14 27 28 49 42
01 04 19 28 37 49 29
25 28 29 37 44 48 43
11 14 22 24 34 48 43
18 25 31 34 35 37 05
11 13 30 39 41 48 45
07 10 15 38 45 49 22
02 03 04 14 44 46 05
08 12 18 23 41 48 19
02 03 08 19 25 39 49
10 15 20 31 35 48 14
01 14 19 22 31 35 34
06 13 22 29 33 42 11
11 13 33 36 37 48 46
23 24 31 33 42 44 27
05 17 19 34 42 48 44
01 22 36 38 39 47 27
03 31 33 36 39 49 01
07 14 17 22 29 43 36
14 26 33 39 40 43 23
30 34 39 43 48 49 06
08 09 13 31 40 48 43
03 05 19 26 32 49 01
05 06 09 28 31 32 19
10 13 18 29 40 41 04
21 22 24 27 31 42 11
01 29 30 32 41 46 08
04 10 43 45 46 48 13
12 22 29 35 43 48 38
20 22 32 37 39 44 11
09 17 21 22 31 32 04
04 13 15 28 45 49 07
07 15 20 28 38 41 37
03 06 09 14 26 40 19
07 22 24 25 40 41 01
02 03 04 08 16 18 06
01 09 14 39 45 48 03
08 20 33 36 46 49 18
01 19 20 34 42 43 15
09 10 26 31 35 41 42
10 21 26 30 31 42 48
14 23 33 35 36 43 37
07 10 18 23 37 39 17
02 03 04 25 36 47 08
06 21 28 36 44 49 32
04 05 17 20 28 39 03
07 10 13 21 22 23 35
09 11 21 27 37 45 30
11 12 13 22 26 31 10
03 07 13 25 31 33 45
01 07 13 32 37 48 26
09 12 17 42 47 49 34
01 23 24 30 47 49 42
23 31 34 43 45 47 48
06 09 12 19 22 25 17
08 32 36 39 44 46 33
24 30 39 43 44 48 23
07 11 15 29 46 49 21
04 19 26 30 31 34 37
16 21 29 37 46 47 35
08 28 33 36 38 47 02
07 11 13 22 24 37 36
09 13 21 37 40 48 12
07 08 15 27 34 49 22
10 21 23 30 43 49 03
04 18 31 40 45 47 29
14 23 27 37 40 45 39
02 16 19 24 48 49 12
03 10 20 27 40 46 09
09 27 32 38 39 43 31
13 33 37 40 41 47 48
06 08 12 29 32 40 45
07 18 28 29 37 49 12
11 16 26 42 43 48 32
03 07 13 20 36 48 47
05 09 18 21 28 32 07
28 34 38 41 46 48 36
03 05 06 11 13 40 45
07 21 23 29 33 44 09
03 07 09 14 25 44 45
11 25 32 33 37 42 31
02 16 18 35 48 49 43
09 22 37 40 42 48 26
03 06 08 13 28 36 38
01 06 07 12 36 42 34
01 03 13 18 21 35 15
06 30 31 37 38 43 24
07 09 18 32 48 49 10
06 08 12 21 32 43 25
01 06 07 08 24 42 22
10 18 22 34 36 37 15
01 02 20 34 35 43 37
01 16 26 31 35 36 38
13 14 32 40 43 48 12
07 14 27 29 37 49 09
08 13 27 39 40 45 49
08 16 27 39 40 48 14
16 17 27 44 45 47 49
19 21 22 34 48 49 42
01 05 16 22 30 34 39
27 29 30 39 40 42 47
12 19 24 27 36 44 29
14 23 26 28 36 37 40
10 14 17 30 36 45 47
02 09 19 30 36 37 41
01 30 33 42 44 48 49
05 16 17 18 23 27 10
01 05 11 22 32 45 28
15 17 18 21 28 37 40
03 04 16 19 32 45 14
20 23 27 38 40 47 33
03 07 10 21 30 36 14
11 12 18 20 27 42 16
07 20 24 30 38 41 19
01 03 30 33 35 42 12
11 14 17 30 42 46 29
07 15 17 28 40 41 10
22 28 31 36 39 49 32
12 13 14 20 23 28 22
03 13 15 39 43 44 31
04 12 14 22 46 48 23
18 19 33 43 45 48 11
04 16 24 26 32 39 06
04 06 20 35 37 39 41
07 17 27 29 30 34 36
07 12 20 33 43 44 38
05 17 21 27 31 41 06
12 27 30 31 34 48 17
11 15 24 25 26 33 42
06 24 30 43 44 45 11
01 12 26 27 36 49 21
14 21 23 30 33 37 10
07 18 19 25 42 45 41
02 13 17 33 38 42 05
02 05 12 21 30 31 06
07 09 12 13 16 33 37
07 09 22 38 39 49 48
07 15 23 30 34 41 10
03 11 12 13 26 28 31
06 26 30 34 40 43 03
10 15 16 21 25 38 24
17 19 21 35 40 49 42
09 21 28 30 34 44 10
08 21 29 31 38 42 23
03 09 10 27 31 36 26
06 10 13 24 31 46 25
16 25 26 42 44 48 20
04 28 36 43 46 49 40
03 09 31 36 37 45 19
03 19 22 25 31 48 12
06 11 14 26 46 47 40
01 24 25 32 34 39 10
02 20 36 45 48 49 21
01 10 12 16 43 45 13
02 15 28 30 37 41 31
05 09 35 38 43 48 06
17 20 28 34 38 47 14
11 18 32 36 39 43 34
04 05 06 08 20 38 35
03 06 10 14 40 42 15
10 30 38 42 45 49 27
05 06 11 25 35 40 44
16 24 27 30 42 46 17
09 10 14 16 25 49 23
05 13 18 20 21 26 11
09 13 21 28 33 46 06
05 07 13 19 35 46 24
15 20 31 34 37 48 04
03 06 07 15 26 35 40
02 09 18 19 28 33 35
09 18 23 33 44 49 29
02 19 20 33 37 48 10
09 21 36 38 43 49 23
02 08 20 21 40 41 24
11 13 16 19 25 32 26
05 08 27 28 33 46 02
08 13 16 42 45 47 33
02 18 28 42 45 49 17
02 16 20 32 35 41 24
06 22 25 39 41 49 13
01 16 36 41 42 44 18
03 07 12 25 33 35 30
02 05 25 31 40 43 22
02 10 16 35 37 45 26
04 08 17 39 47 48 01
03 07 08 24 42 49 37
03 06 08 11 28 31 19
02 06 27 44 45 49 23
02 22 25 30 44 48 46
01 09 21 35 36 47 33
02 09 10 13 15 24 19
02 10 13 22 24 25 05
02 05 10 14 29 37 03
06 09 13 21 46 47 12
02 12 14 38 39 43 48
11 12 17 22 31 43 45
10 15 25 29 34 37 13
01 05 24 25 35 49 14
03 05 14 40 46 49 06
09 10 22 23 28 36 49
12 17 33 43 45 47 10
11 15 19 29 42 49 05
04 09 22 30 33 35 13
02 03 13 14 17 38 31
03 09 27 31 38 45 34
12 13 30 36 39 47 08
02 08 22 36 38 40 05
13 16 21 30 36 37 02
02 08 16 25 33 37 01
09 20 21 22 30 48 06
07 09 10 21 39 49 41
04 11 14 20 36 41 15
02 14 16 23 35 38 47
07 12 18 33 44 45 32
03 14 17 32 39 42 08
16 18 23 31 34 47 38
05 06 10 16 20 21 19
01 11 18 22 23 42 10
12 33 39 43 45 49 10
17 22 23 26 28 46 02
11 16 17 19 24 43 13
04 17 20 33 39 43 26
04 20 32 39 40 42 33
10 11 18 26 41 48 27
03 13 27 29 36 37 24
11 18 22 29 40 48 44
02 05 07 18 22 48 11
05 07 15 35 36 44 04
06 15 18 25 26 47 27
11 22 29 31 32 42 03
02 21 29 38 44 48 10
15 25 33 38 40 49 21
01 23 25 30 32 46 42
04 16 22 27 32 36 17
02 04 23 32 43 45 42
06 09 13 21 41 43 45
04 22 24 30 31 34 17
06 10 16 21 23 39 05
06 07 18 22 30 34 02
10 17 18 34 48 49 29
05 06 17 35 39 49 44
05 14 26 30 31 42 04
08 13 15 28 29 48 03
07 08 15 22 35 49 17
06 12 14 25 27 30 08
25 35 39 42 43 49 05
05 13 14 33 45 46 25
21 25 33 36 42 48 13
01 07 19 27 38 47 03
05 21 33 34 44 45 40
09 13 22 35 38 39 04
09 11 23 29 33 38 06
09 13 32 38 48 49 41
01 11 21 27 37 48 18
02 19 24 39 41 49 21
03 08 13 17 22 29 18
01 03 14 26 36 47 42
05 13 20 25 29 39 35
01 03 20 23 33 37 14
04 09 17 26 40 46 18
04 14 19 21 24 48 10
07 11 18 34 35 48 42
09 15 20 23 39 41 44
08 10 13 14 31 48 47
01 04 19 33 34 40 25
16 26 29 39 41 46 34
22 24 28 33 34 42 48
03 05 08 14 27 35 09
04 05 21 26 37 47 07
02 04 12 13 19 42 39
01 06 14 19 26 30 17
01 17 20 28 35 43 18
11 14 20 24 25 35 33
02 09 16 25 36 38 14
23 26 27 29 30 45 18
09 11 15 25 44 48 27
08 09 16 24 29 48 05
24 34 35 38 41 47 45
03 14 17 41 46 47 20
14 15 18 20 38 42 35
06 10 22 30 43 44 29
09 25 30 31 35 37 01
03 12 26 30 39 41 25
02 05 13 19 40 49 07
08 10 11 24 31 37 38
02 18 30 34 37 41 28
01 03 10 31 34 35 27
03 11 13 20 38 49 19
03 10 13 35 48 49 33
07 08 12 37 41 48 40
01 13 21 22 24 40 27
23 24 26 30 47 49 43
04 09 10 14 15 49 05
02 03 15 30 32 46 23
12 23 25 31 44 45 03
01 04 05 08 13 43 22
03 16 25 37 38 45 18
13 18 24 26 44 45 27
10 32 33 38 41 47 06
09 10 27 32 37 45 04
01 02 03 07 14 15 11
03 09 16 31 36 42 20
02 09 22 32 35 41 20
01 06 14 22 33 47 09
12 14 19 27 34 43 24
01 04 15 22 40 44 02
09 16 19 20 30 43 44
08 18 19 23 24 42 32
06 10 19 20 22 36 03
04 09 17 18 31 43 19
09 11 21 22 24 41 33
02 07 11 31 40 43 36
17 23 24 25 26 38 47
05 10 22 38 44 46 13
01 10 26 28 38 42 43
05 21 25 36 38 39 04
15 24 25 27 36 37 35
01 12 19 29 32 34 46
11 13 25 29 38 47 12
24 26 28 31 44 47 17
01 07 20 34 40 45 22
06 14 28 31 33 35 26
18 22 23 27 28 43 35
16 22 27 30 39 41 40
09 21 22 33 35 48 43
03 04 05 20 23 37 38
19 34 39 40 41 45 23
05 12 15 24 40 41 44
03 06 13 29 39 49 09
12 15 26 30 41 45 04
07 22 32 34 42 43 06
03 12 16 22 29 34 30
10 12 14 28 42 46 37
07 15 24 31 36 49 40
18 31 35 39 40 43 10
13 18 22 31 34 37 19
10 14 23 25 27 40 37
01 05 14 22 29 43 20
01 07 14 15 22 45 24
02 11 30 42 48 49 36
09 19 20 30 39 40 10
01 13 14 19 21 30 40
07 12 13 25 39 48 09
04 27 33 37 42 49 36
01 06 13 30 33 43 09
04 08 16 22 23 43 18
03 07 18 20 26 32 10
26 32 36 42 43 45 44
01 03 10 15 21 28 37
02 12 17 19 30 33 23
08 12 25 29 39 45 44
07 11 14 35 38 43 26
10 11 16 29 30 35 28
18 28 34 44 45 47 08
05 21 26 30 36 41 17
13 28 32 39 44 49 48
09 11 20 22 29 38 37
11 14 27 28 38 44 12
02 09 12 16 37 40 19
06 08 11 28 42 46 31
02 24 26 29 32 33 06
01 07 08 30 34 37 41
06 10 19 24 28 47 22
03 13 18 27 33 45 29
02 03 32 46 47 48 35
05 17 23 28 31 32 18
18 22 24 25 26 43 23
07 12 15 27 29 49 36
01 07 14 23 45 48 43
23 26 35 36 39 43 05
11 23 31 32 33 40 49
15 20 38 41 44 46 34
01 14 28 41 45 47 29
09 27 29 38 39 40 47
01 22 34 35 36 47 07
10 16 21 30 33 48 19
12 17 24 35 44 46 10
05 09 16 29 36 47 17
02 09 29 31 42 49 05
17 34 36 41 46 48 26
03 05 07 18 40 45 15
02 06 17 33 42 45 13
04 15 16 22 24 45 02
05 06 07 18 27 35 19
04 05 17 39 40 42 03
04 05 33 36 48 49 02
18 21 32 33 36 37 06
10 12 21 26 27 49 14
02 03 13 17 19 36 47
04 13 30 42 47 48 40
01 04 05 13 14 19 18
01 07 09 16 21 49 12
02 06 10 13 30 33 40
01 30 34 42 45 46 08
01 08 09 10 34 36 17
09 20 23 34 35 45 15
10 13 22 27 32 39 43
06 13 15 26 30 33 16
02 06 16 20 23 24 19
10 16 23 34 38 41 05
01 19 21 31 43 47 18
02 23 29 34 35 37 41
07 10 20 30 34 46 19
09 10 16 19 32 45 18
01 08 11 14 16 45 41
10 20 24 28 32 49 09
12 15 18 23 35 38 33
02 13 18 26 28 43 41
08 18 21 23 30 47 10
10 17 19 27 37 38 26
03 25 27 28 43 45 42
08 18 22 34 48 49 33
03 11 14 21 40 45 08
27 29 31 36 39 43 23
14 34 37 40 48 49 30
04 26 30 35 45 46 20
03 16 17 34 46 48 41
04 08 14 22 41 48 39
05 08 15 25 33 48 11
08 12 14 17 23 25 10
02 32 40 41 43 45 30
12 26 27 28 32 46 47
05 11 14 20 22 41 33
03 11 22 25 27 33 21
01 22 33 40 43 48 35
03 13 20 34 37 40 11
07 09 15 18 32 43 08
05 15 22 30 42 49 37
01 02 04 11 12 23 06
01 05 09 19 35 45 30
05 09 16 32 35 42 04
01 04 17 22 27 28 15
06 08 22 39 40 47 17
05 09 10 22 26 38 39
03 16 20 36 41 49 45
05 22 29 33 36 40 32
09 11 15 29 35 44 18
03 18 24 26 42 43 16
12 28 29 30 44 48 34
05 08 13 17 26 41 22
07 28 33 35 42 44 41
01 06 13 28 35 44 30
05 07 28 35 36 39 31
11 22 38 41 42 45 20
02 21 22 34 36 38 45
10 13 18 21 31 48 17
08 14 20 34 36 49 46
03 10 12 32 35 44 41
10 11 14 34 40 49 43
03 07 16 26 31 35 18
06 10 19 32 41 49 05
07 18 30 35 36 49 29
06 10 21 23 35 36 08
05 08 09 27 31 35 15
10 22 25 32 34 44 30
20 21 38 41 45 46 14
05 08 10 27 34 40 47
21 22 24 28 43 48 44
06 15 26 30 39 41 14
02 14 15 29 37 47 45
09 13 17 21 22 33 41
05 11 17 32 33 48 04
05 28 35 46 48 49 11
16 29 31 34 39 42 41
03 11 14 20 27 44 43
05 06 07 21 30 40 42
06 12 14 30 32 38 41
07 08 33 40 42 49 13
03 17 33 38 43 49 14
11 14 16 19 34 43 48
01 02 10 27 40 41 43
06 07 25 28 38 45 16
04 14 23 25 38 42 10
07 10 33 39 48 49 42
09 18 26 28 36 44 19
06 19 25 31 32 35 15
05 06 23 24 38 48 30
11 25 26 36 39 41 16
09 11 12 14 18 24 38
08 13 32 33 39 47 17
06 11 12 19 27 39 28
11 12 19 22 42 47 36
09 24 26 27 37 44 03
11 22 25 32 41 45 01
03 13 14 21 22 32 07
07 15 17 38 45 48 46
09 16 17 28 33 42 29
04 17 18 35 37 47 32
02 08 11 18 32 39 46
07 09 22 24 32 36 08
09 10 16 30 38 41 02
16 18 25 29 33 43 41
04 10 30 35 43 46 14
05 08 22 27 32 41 45
06 12 16 25 33 49 48
02 07 16 30 37 39 20
01 04 12 35 39 46 14
01 14 39 40 45 49 42
21 23 26 36 45 49 02
01 11 23 37 42 43 24
06 09 12 15 43 47 49
02 05 06 12 22 40 24
12 21 24 32 36 46 13
02 22 23 40 44 45 32
16 17 21 28 38 45 10
09 22 30 41 42 48 49
13 33 35 39 40 48 27
05 07 08 23 36 41 24
06 09 13 31 40 45 47
04 08 24 27 35 45 15
11 14 19 35 44 49 10
02 20 40 43 45 49 38
07 09 15 29 32 48 38
19 27 41 42 44 49 20
04 06 07 14 19 37 09
17 22 24 35 37 40 11
10 11 18 27 38 44 37
03 17 32 44 46 47 33
07 09 11 20 45 49 42
11 20 23 30 46 48 22
04 06 12 14 41 46 15
14 16 25 28 36 38 40
12 30 33 36 42 43 15
04 05 14 27 37 39 35
21 24 31 36 38 46 43
20 21 23 28 38 40 13
23 24 26 29 36 41 12
02 08 12 25 29 46 07
01 04 07 20 25 38 17
16 20 26 27 42 46 32
05 09 11 21 22 37 32
01 04 15 34 44 47 07
01 06 09 36 37 48 13
07 30 31 41 45 47 04
03 19 21 29 33 41 46
03 15 18 19 28 37 30
04 08 11 12 20 32 47
01 05 11 26 43 45 22
10 24 27 28 31 38 23
02 17 24 32 35 47 34
04 15 38 40 41 46 33
01 04 10 18 37 44 20
16 22 35 36 45 48 32
14 23 25 26 35 38 21
04 08 10 15 35 45 16
12 13 17 24 31 43 49
06 16 17 18 22 49 33
10 19 24 30 45 49 34
05 10 12 13 16 42 41
01 26 27 36 42 45 12
05 09 18 40 43 45 17
16 26 30 36 41 49 13
13 22 28 32 37 46 17
18 21 29 30 31 38 34
03 04 21 43 47 48 07
08 22 29 35 40 41 06
01 14 26 32 45 48 46
03 04 05 12 17 44 37
06 09 35 38 43 44 41
07 09 12 27 29 40 05
14 16 18 26 30 35 10
14 18 22 31 35 40 46
10 13 22 33 36 48 31
10 19 20 28 37 43 06
06 20 23 42 44 45 13
04 09 20 27 37 43 07
03 04 13 23 34 39 37
02 06 16 38 39 44 15
06 28 38 44 45 49 34
04 12 18 35 40 44 38
01 03 14 31 34 35 16
14 23 26 35 36 44 05
08 14 15 25 32 38 11
06 07 08 17 24 27 38
10 12 24 37 41 43 17
06 11 13 28 40 41 49
05 06 24 44 48 49 45
02 08 16 24 25 34 40
06 09 17 23 34 45 02
35 41 42 44 47 49 48
10 21 30 34 37 43 17
06 14 28 29 37 38 12
07 20 25 33 38 45 26
09 10 16 23 32 49 19
12 19 23 26 33 42 27
23 24 25 27 43 45 11
06 10 11 14 31 40 49
01 02 37 39 47 48 34
04 14 18 19 30 42 34
06 13 21 29 31 37 25
04 14 31 35 42 49 01
02 27 30 35 43 46 36
12 19 31 41 42 47 13
05 09 12 18 24 43 07
04 13 25 27 40 47 45
06 14 18 28 30 37 21
01 06 08 15 41 43 02
02 06 15 30 38 42 29
12 16 18 27 41 45 29
01 04 06 20 25 32 43
06 13 14 22 30 44 26
01 12 29 39 40 48 41
05 19 25 32 40 42 04
07 25 27 33 35 45 06
10 13 19 27 43 48 08
18 25 29 30 32 35 39
18 23 26 28 30 45 15
05 26 33 38 39 46 47
09 14 35 38 41 42 40
16 18 24 35 40 41 47
05 07 15 18 23 42 10
01 17 23 25 40 44 26
01 02 06 19 24 40 44
01 09 17 28 42 46 32
01 02 21 30 44 46 33
07 17 37 38 40 48 43
06 12 16 33 41 48 08
15 16 21 23 37 45 04
05 08 36 39 42 46 14
03 11 14 32 33 42 15
02 09 14 24 40 45 03
04 20 36 42 46 47 22
08 13 18 22 26 42 43
10 11 15 18 37 45 26
08 19 24 35 36 40 23
04 07 08 20 32 34 24
09 16 17 30 33 49 41
10 23 26 38 42 46 29
13 15 19 22 33 38 39
16 22 24 33 43 44 29
24 32 41 42 48 49 10
01 34 36 37 42 46 39
03 06 36 40 43 48 08
02 16 30 31 38 48 36
07 24 26 30 32 39 47
12 23 31 37 40 45 35
04 06 15 29 33 39 18
02 05 08 22 29 41 28
05 15 29 32 38 39 31
18 22 24 27 30 48 03
02 09 14 24 33 47 48
09 20 23 30 34 39 13
06 08 13 17 35 49 45
05 07 22 30 32 35 13
02 05 13 20 21 49 36
07 12 24 25 39 44 27
16 25 31 36 38 49 29
05 13 15 23 28 40 17
12 28 31 33 36 44 07
08 10 21 22 30 47 28
13 23 28 30 37 44 49
04 12 22 26 33 45 08
13 18 32 38 48 49 40
07 14 15 22 25 35 32
03 04 16 32 45 48 23
06 09 30 32 39 48 04
15 16 27 40 44 49 31
01 06 17 28 36 41 31
11 13 21 36 39 40 43
01 09 22 23 34 38 24
08 25 31 38 43 48 23
07 10 11 27 31 48 05
07 10 16 19 42 46 20
08 14 31 36 40 46 09
08 12 13 25 31 35 21
13 15 17 19 24 32 09
20 22 24 25 40 41 35
01 03 04 05 37 39 08
07 08 13 26 28 49 17
16 24 31 35 37 49 39
05 06 27 41 47 49 40
08 19 26 34 37 40 29
07 21 22 38 45 47 40
03 18 24 45 46 48 31
01 04 06 23 25 47 49
01 19 23 29 34 41 15
01 05 12 14 19 31 45
22 23 24 28 29 43 06
01 06 27 39 44 49 36
11 26 31 34 36 42 13
05 32 33 40 41 49 30
06 11 14 23 39 45 10
02 07 11 20 29 45 48
04 06 09 15 22 37 03
03 15 19 40 41 44 13
03 05 06 13 31 32 15
02 11 18 26 39 45 24
01 05 13 29 34 44 25
08 09 22 27 29 42 38
08 33 39 40 46 48 24
01 02 07 19 28 34 05
03 21 26 29 31 48 01
02 06 07 15 20 38 14
15 18 19 21 24 26 36
05 12 17 18 41 44 32
05 21 25 27 38 40 11
09 17 19 24 38 47 03
15 18 25 27 38 47 02
01 18 24 29 35 46 02
10 29 33 40 43 45 08
05 15 29 31 38 45 48
09 10 12 13 41 48 06
07 15 25 34 35 38 06
01 08 25 33 34 41 28
04 06 08 11 33 35 25
06 11 16 38 42 49 40
03 17 23 24 30 47 26
08 15 19 21 32 42 10
10 11 15 26 28 31 43
16 20 23 27 41 46 06
14 25 32 38 43 46 35
07 19 24 26 32 39 20
01 03 20 21 35 37 46
03 09 10 20 25 34 41
02 13 19 25 30 43 44
01 21 27 31 34 38 10
02 08 10 37 44 49 22
09 13 16 22 24 31 18
07 17 22 26 31 42 12
04 10 18 22 23 38 35
03 07 15 23 29 48 05
02 08 12 20 25 49 34
03 08 09 16 34 46 42
04 09 14 25 36 40 45
02 17 34 38 46 49 33
04 05 10 27 28 49 46
01 04 15 16 29 46 30
07 17 33 36 39 44 31
11 26 27 39 40 47 34
13 17 20 29 32 42 15
04 14 16 19 22 35 09
04 10 26 34 46 49 05
01 02 12 19 27 38 41
08 11 35 37 38 46 27
11 14 19 21 41 44 31
06 21 31 40 42 44 07
03 06 07 09 32 35 24
01 08 09 32 35 37 14
05 09 19 21 27 46 37
03 13 18 20 22 30 39
03 10 11 13 26 48 09
05 13 23 33 37 40 39
11 17 19 23 32 44 25
01 08 20 25 38 43 39
05 06 28 35 42 43 04
01 04 06 15 24 48 43
17 19 20 27 32 35 11
09 10 20 33 34 43 42
02 05 08 24 32 37 35
05 11 18 28 29 32 10
04 13 31 36 40 41 49
01 03 04 17 24 28 07
03 09 18 38 46 48 13
04 06 14 21 36 46 41
05 06 27 33 36 37 48
03 13 29 30 31 43 08
08 10 28 35 37 47 12
04 09 17 26 28 30 01
07 14 21 43 44 47 35
01 10 11 41 47 48 20
01 07 27 36 40 48 13
21 29 32 36 38 44 43
02 22 27 31 40 46 13
06 13 20 26 34 40 10
22 24 26 29 33 48 46
02 17 19 21 24 34 18
04 08 18 29 40 47 09
02 10 16 21 22 30 26
09 14 23 30 42 45 19
18 19 22 33 42 46 07
03 07 16 19 44 47 31
12 15 36 40 41 49 42
06 09 10 12 24 32 30
01 15 16 28 29 47 37
05 13 22 29 34 42 37
05 17 37 38 44 47 12
04 12 19 40 44 47 49
07 13 17 21 42 45 36
06 08 09 17 25 36 04
04 09 10 14 24 29 38
08 12 26 31 44 46 42
03 23 25 36 46 47 20
09 12 42 44 45 48 35
04 06 14 21 24 48 08
10 14 22 28 32 42 36
12 17 31 37 39 46 08
08 12 15 26 39 44 06
06 09 16 26 29 36 08
07 08 14 15 20 21 44
01 09 32 37 38 47 25
14 15 19 23 24 25 02
05 15 22 24 34 46 26
22 25 30 37 38 49 15
02 07 17 20 33 47 45
03 04 11 28 37 40 36
21 27 32 33 39 48 09
02 12 15 16 30 32 05
10 16 19 33 42 43 12
11 12 14 17 21 37 10
06 14 18 21 32 46 43
13 23 27 32 34 43 22
04 12 15 16 38 46 21
05 14 34 36 38 42 19
24 32 36 40 42 43 47
01 07 15 23 29 35 14
07 13 20 33 39 45 30
02 06 10 17 18 46 34
04 21 22 29 41 45 14
07 09 22 29 44 49 01
03 16 25 38 45 47 35
02 07 22 27 41 42 05
01 11 12 19 28 30 49
10 14 22 29 33 48 05
04 18 31 41 42 43 24
15 20 34 42 45 46 23
04 17 34 38 46 49 07
03 07 20 34 36 41 39
08 11 21 30 38 49 35
01 06 18 29 39 48 10
05 29 30 31 41 45 47
02 03 07 09 16 34 14
11 14 21 28 41 48 32
09 25 29 36 38 41 23
06 23 31 43 46 49 40
03 07 11 18 20 27 02
28 33 36 38 40 45 04
01 08 21 32 37 46 22
11 14 19 25 27 47 20
02 12 20 28 46 49 31
09 12 14 20 27 36 11
05 07 18 26 29 47 02
04 09 19 22 24 43 01
01 05 08 23 32 48 03
07 13 16 35 42 46 25
08 11 15 20 33 43 34
12 13 25 39 42 43 38
16 25 27 30 37 41 36
02 11 17 19 22 26 13
07 11 24 32 35 49 46
01 19 34 39 43 48 45
12 19 26 30 36 45 20
16 18 21 26 30 48 45
05 11 15 17 25 46 24
06 19 22 24 29 40 04
02 14 17 19 20 49 26
06 27 30 38 41 47 20
04 24 26 30 31 46 02
02 09 18 21 32 47 26
02 10 19 39 46 47 41
03 05 14 17 29 45 31
24 28 29 38 39 41 19
01 04 06 13 15 48 39
01 03 11 15 39 47 44
04 22 23 31 36 47 20
04 11 20 28 46 49 31
04 11 12 18 21 40 44
01 08 20 45 47 48 11
09 27 32 34 36 37 20
18 28 38 39 47 48 24
05 08 10 11 23 30 42
01 15 23 24 31 39 33
03 06 18 27 29 37 04
06 16 20 23 24 34 42
01 03 15 18 20 33 48
12 15 22 26 27 29 37
03 04 12 29 32 48 16
05 11 12 15 24 32 39
05 08 17 24 30 42 34
04 17 18 26 33 35 40
17 19 22 27 40 46 04
06 09 14 17 47 49 38
09 24 35 40 41 48 31
11 13 16 20 21 28 15
07 29 31 32 33 35 48
01 03 14 17 35 43 47
11 14 16 17 35 49 34
19 21 24 28 30 48 26
20 23 28 37 39 41 26
01 05 09 18 24 32 38
09 19 22 26 34 36 24
01 03 09 30 41 47 19
01 05 15 33 40 48 21
04 06 11 16 22 39 10
12 15 17 24 36 49 14
21 31 33 35 39 44 28
02 12 16 19 20 49 04
13 15 18 36 43 45 07
15 17 22 37 39 47 26
02 04 15 20 32 42 48
08 26 34 36 39 46 35
01 02 24 29 40 47 07
22 25 26 34 41 45 15
13 16 31 35 41 42 36
13 14 15 16 18 44 48
11 25 27 29 30 44 23
03 19 33 42 43 45 44
03 09 13 31 40 42 30
02 17 27 32 35 38 41
02 08 18 22 24 35 17
01 06 09 10 20 46 14
03 06 15 26 28 42 21
02 04 09 28 42 43 45
11 13 19 35 41 45 24
02 08 23 28 38 45 21
07 21 24 33 35 45 26
01 03 09 17 18 42 07
01 05 25 32 38 39 04
04 05 10 17 39 44 24
10 15 20 21 34 46 04
01 14 17 23 35 38 31
06 12 23 29 31 35 21
04 08 15 16 34 49 45
08 09 37 40 46 49 41
10 27 28 40 46 47 18
02 04 30 37 43 49 10
02 04 24 28 32 45 38
06 23 30 33 43 44 10
20 22 26 27 31 44 49
06 17 21 27 36 42 23
09 27 33 38 39 40 14
26 28 31 33 40 41 19
11 13 16 18 21 22 06
05 14 16 22 26 28 27
05 14 16 25 45 48 42
04 08 16 39 40 45 10
09 23 25 29 30 48 01
21 26 27 35 38 48 41
05 18 19 28 35 45 27
02 03 09 24 33 41 40
06 07 17 24 41 48 16
18 19 26 34 39 46 02
08 09 17 31 37 38 02
03 09 15 32 43 46 28
02 04 06 30 32 34 40
01 10 13 14 38 39 41
09 20 25 36 42 47 13
01 05 13 16 24 41 14
04 08 10 13 14 49 07
21 24 27 32 35 36 16
05 21 26 27 28 29 44
01 07 17 20 29 49 19
04 05 07 11 28 32 03
03 04 11 15 32 45 01
08 19 43 44 48 49 46
11 20 31 37 44 47 46
16 17 18 22 25 36 47
01 06 10 21 28 35 46
10 11 24 33 34 38 16
03 12 26 28 31 46 16
09 13 14 17 28 45 20
10 14 35 40 43 48 21
01 04 14 18 22 39 48
04 16 28 37 38 47 30
04 19 30 37 39 41 31
08 12 29 33 39 45 36
07 11 22 27 32 46 17
14 16 29 44 45 47 42
01 03 08 22 36 44 29
02 22 29 31 40 48 20
20 21 23 31 42 43 41
11 23 35 37 40 43 30
11 20 25 35 42 45 08
03 05 25 30 33 37 35
02 07 20 36 38 41 40
31 32 33 37 42 46 17
19 21 30 35 36 37 33
01 02 24 38 42 49 19
06 17 25 27 35 40 32
01 16 23 29 39 46 17
05 12 16 23 29 39 11
03 13 18 21 22 33 08
05 07 24 26 41 49 03
07 16 26 28 41 44 24
19 24 34 40 41 46 15
02 31 37 38 39 40 44
01 05 08 21 27 34 20
15 26 29 34 35 40 09
16 22 31 37 39 49 32
01 29 32 39 44 47 17
04 07 12 20 39 48 14
04 10 11 15 22 37 49
12 17 18 26 29 33 41
14 18 30 40 43 46 27
09 22 28 32 33 49 18
04 16 25 26 33 42 30
07 11 13 24 28 46 26
05 16 19 26 42 44 06
09 15 30 37 38 40 01
07 08 12 21 23 47 10
08 26 32 35 36 49 24
02 11 19 20 21 40 43
05 10 18 21 35 49 11
05 11 15 42 45 48 14
02 08 12 13 27 35 37
02 04 09 20 35 40 44
05 23 26 31 34 49 24
07 13 15 20 21 41 02
08 11 21 38 41 48 49
02 13 14 21 45 49 19
14 17 21 29 42 46 49
04 16 40 43 46 47 27
02 22 25 27 35 42 13
02 03 05 25 43 48 24
02 10 16 18 41 44 31
07 12 30 34 40 48 33
05 13 26 29 40 47 42
06 15 22 25 33 42 24
04 17 23 28 43 46 22
12 13 38 41 44 49 22
12 28 29 33 35 37 22
09 17 26 31 35 36 42
08 30 42 46 48 49 07
03 18 34 41 45 46 37
05 08 12 20 30 39 23
06 17 29 33 42 48 34
06 12 17 34 38 46 43
02 05 08 22 25 35 16
08 12 30 43 46 48 35
18 21 34 37 40 49 28
06 09 11 16 25 37 45
01 07 09 10 36 44 37
01 03 06 07 36 49 42
06 16 39 40 46 49 41
03 07 11 20 23 48 38
17 19 25 34 43 45 47
02 03 16 42 43 45 27
02 04 19 34 37 41 05
10 20 24 35 36 39 12
03 04 07 22 30 39 06
05 08 31 46 47 49 34
12 17 19 26 33 40 25
10 13 23 35 36 48 47
16 23 30 37 39 43 05
07 30 31 42 45 49 46
09 18 21 22 26 29 27
07 16 17 21 27 36 06
05 06 08 16 29 31 12
14 15 21 22 32 40 02
22 37 41 42 44 45 27
09 13 21 24 38 46 27
04 07 10 26 42 47 13
01 29 30 44 45 49 41
02 20 29 38 39 43 37
04 09 23 35 46 49 18
01 28 33 41 42 45 08
03 08 14 20 33 41 32
08 09 17 31 36 47 46
07 08 12 24 30 49 27
05 17 24 25 36 45 15
05 09 25 27 33 44 17
04 15 41 43 45 49 18
05 06 15 28 29 43 48
07 18 21 28 47 48 35
03 12 20 39 46 49 19
06 20 30 33 39 47 23
03 06 09 29 30 33 14
01 10 11 24 30 49 35
17 22 28 31 39 45 08
13 17 25 26 43 44 42
03 14 16 19 45 48 09
06 11 17 31 40 41 34
09 10 20 42 46 47 27
12 13 18 20 28 48 14
04 10 20 25 33 36 37
15 18 22 24 27 30 10
03 07 28 29 38 48 40
12 13 18 19 27 29 10
15 19 34 39 44 45 23
04 05 12 16 18 41 07
03 04 15 24 35 41 36
01 02 04 13 43 48 11
08 23 28 31 36 37 12
04 13 18 20 36 39 12
01 13 20 24 37 39 03
04 09 16 20 38 39 40
04 07 14 15 19 26 43
10 12 18 21 27 33 04
01 02 29 37 42 48 38
17 19 25 36 40 44 10
13 18 29 31 32 46 02
09 15 21 31 33 41 37
05 21 28 30 37 42 48
01 15 30 39 45 49 37
09 14 16 17 21 26 20
01 06 14 25 29 35 48
05 08 09 10 29 49 46
01 08 22 32 46 48 09
06 08 10 28 36 37 21
01 02 16 27 31 47 19
11 21 27 28 32 34 17
02 03 09 18 20 36 12
10 13 20 24 37 47 16
16 17 18 27 38 41 30
09 24 25 30 35 37 45
13 16 18 23 34 42 40
03 08 21 22 28 48 05
07 26 27 29 30 41 44
01 24 28 33 37 47 49
04 25 30 41 43 45 29
08 09 13 17 33 49 30
02 07 16 25 29 34 10
04 15 23 33 37 47 22
02 06 21 45 46 49 28
06 14 26 27 30 43 21
04 11 15 16 35 42 09
04 05 23 31 39 48 20
08 12 24 31 33 41 20
18 24 26 34 38 45 15
10 16 17 38 42 43 13
02 12 20 25 31 47 29
01 02 09 20 24 49 43
06 23 24 38 39 40 32
03 12 15 31 36 49 11
08 10 26 29 41 44 09
01 05 21 26 31 43 22
06 10 24 34 37 47 12
02 04 09 12 21 31 10
12 14 23 32 37 39 28
01 16 17 26 31 36 45
01 08 18 20 22 46 28
01 06 09 10 22 26 35
02 04 26 30 31 43 38
11 15 25 29 30 49 47
01 06 15 30 33 49 03
09 10 23 29 30 34 36
02 03 13 23 34 38 05
05 06 15 20 32 48 22
10 14 26 29 39 41 06
04 09 25 28 39 45 30
04 10 15 22 33 35 48
12 14 27 35 46 49 31
13 15 18 30 32 48 08
15 17 22 36 45 47 35
11 20 31 33 39 48 04
05 06 22 37 44 48 23
07 13 34 38 43 44 10
01 04 10 24 30 39 08
02 07 18 23 39 47 17
07 08 33 36 46 49 18
22 24 33 36 42 49 38
03 05 06 15 39 42 35
01 04 13 17 35 44 22
12 13 19 22 39 48 46
04 12 26 44 47 48 02
14 16 38 44 48 49 39
09 10 16 21 32 47 38
02 15 27 32 43 49 42
04 23 24 30 34 45 19
04 15 17 43 45 47 38
10 20 40 46 48 49 13
05 13 31 33 34 35 27
09 16 22 28 30 32 37
10 14 29 35 40 46 30
01 10 11 13 42 48 15
16 18 28 33 41 45 29
11 13 33 37 45 48 36
11 17 20 31 48 49 35
03 10 31 40 41 43 20
06 18 26 28 30 49 22
07 08 27 29 37 48 21
15 25 26 34 35 41 10
11 21 30 36 42 47 34
06 29 44 45 46 47 30
11 14 21 24 25 47 36
02 11 25 32 34 39 31
09 30 31 34 42 45 24
05 06 11 25 45 48 34
04 06 07 25 35 37 48
11 18 23 31 37 49 10
05 08 09 10 22 38 07
05 14 17 43 45 49 12
13 15 17 23 26 47 01
11 24 25 36 41 45 40
06 10 17 20 25 28 02
09 10 19 27 29 45 30
09 15 24 46 48 49 06
02 29 33 34 44 49 42
04 18 21 22 39 46 29
01 04 07 21 23 44 17
14 18 22 30 39 44 32
15 19 36 44 45 49 16
11 13 16 19 28 46 22
05 07 13 29 41 49 25
06 12 14 25 35 43 42
10 27 33 40 47 48 13
08 10 19 27 39 44 06
06 16 18 28 34 40 38
04 22 23 37 40 49 13
09 14 22 37 41 45 05
01 04 09 15 37 39 47
04 08 24 26 37 41 33
02 06 22 25 33 39 46
02 08 28 30 33 40 23
11 24 28 37 41 43 13
04 09 23 37 47 48 14
02 16 23 32 34 35 40
01 11 18 20 26 30 47
17 22 26 27 29 35 44
01 09 22 43 46 48 49
05 12 15 17 18 39 47
08 15 19 21 24 44 10
01 03 21 34 41 44 43
01 03 07 11 16 34 49
02 23 30 34 40 42 48
04 07 09 20 37 49 33
10 17 29 33 42 48 35
07 11 14 25 26 30 29
03 06 23 24 42 44 35
10 12 13 14 22 47 21
07 21 24 31 43 47 05
03 05 19 35 38 41 32
04 22 33 39 42 47 14
03 06 13 37 40 42 29
01 03 08 22 28 33 05
02 03 09 18 23 37 31
01 02 05 06 11 43 25
05 20 22 28 36 48 01
03 14 21 25 27 42 34
03 25 32 36 38 40 31
09 21 29 34 43 47 32
01 02 23 35 38 46 05
26 29 31 37 43 49 02
05 16 18 28 37 49 24
01 04 17 24 27 43 41
08 30 31 37 38 48 05
07 10 21 23 29 39 01
02 03 27 40 44 49 38
05 12 31 34 37 45 10
09 11 33 43 46 48 02
03 07 10 31 32 35 30
03 20 26 31 32 35 12
15 27 32 36 44 48 47
10 13 20 24 29 36 14
16 23 24 35 36 44 01
01 02 14 18 25 39 31
10 14 18 20 34 47 41
03 10 11 17 29 34 15
22 27 28 29 42 46 49
14 20 21 38 45 46 47
06 12 16 20 27 38 07
11 16 30 34 41 45 47
03 12 20 33 34 41 43
07 09 33 34 39 41 48
10 14 21 37 39 49 25
04 12 18 25 42 44 08
05 12 16 17 41 46 15
01 11 12 15 35 49 17
01 05 15 22 43 47 37
12 14 24 26 27 49 22
08 09 24 28 37 49 47
25 30 31 34 40 47 13
01 03 04 08 21 28 05
03 07 28 31 33 36 32
03 05 09 17 35 36 43
10 23 33 39 42 48 34
07 08 26 43 47 48 12
04 28 31 34 48 49 06
04 06 13 18 23 45 15
11 13 18 29 44 46 37
02 35 38 47 48 49 41
03 23 32 35 43 49 34
02 07 17 25 30 43 38
10 16 21 28 29 31 08
11 19 30 33 37 44 18
20 21 28 44 46 47 42
13 15 17 18 41 45 14
03 14 22 24 34 49 44
04 11 16 26 42 47 06
02 11 16 17 25 28 41
03 15 19 20 32 40 25
06 07 17 19 35 46 04
05 12 13 20 37 41 23
01 03 11 21 41 42 02
01 17 28 29 31 34 45
07 10 11 17 22 30 14
11 17 19 20 29 32 38
05 17 19 26 32 33 22
02 20 28 46 47 49 03
04 11 17 29 39 49 08
04 09 10 17 33 34 35
13 17 23 32 34 46 41
16 21 30 34 39 45 04
05 14 16 22 23 33 32
01 10 15 21 27 37 40
03 17 23 26 41 47 33
01 08 22 26 32 37 41
02 05 08 29 40 47 34
09 10 20 22 38 49 07
08 18 20 22 31 37 46
04 09 24 31 39 47 38
09 14 19 20 43 47 37
10 21 26 34 35 43 37
04 17 20 29 39 48 09
08 15 18 37 39 44 06
07 14 16 25 30 36 32
02 04 06 07 13 29 09
10 13 26 40 42 48 24
02 05 08 13 17 35 28
09 14 17 34 40 48 39
06 19 26 28 37 49 47
03 06 14 19 27 36 24
10 13 28 32 37 41 01
06 10 12 14 31 38 20
02 03 11 24 26 27 44
01 04 05 22 44 46 37
04 07 13 28 36 49 03
02 13 33 39 40 44 43
02 06 16 24 41 46 27
08 11 17 24 30 49 03
09 20 30 34 35 46 29
07 19 23 30 34 45 13
10 11 15 22 23 45 31
09 11 13 22 24 44 32
18 25 38 40 44 45 05
02 10 16 23 35 47 01
09 11 12 22 28 49 07
08 15 20 41 42 49 12
02 09 13 40 44 46 10
10 13 20 22 42 46 48
05 11 12 31 41 42 16
02 13 16 34 37 47 28
05 06 13 19 23 34 08
07 10 22 32 34 48 45
01 07 12 17 36 38 48
13 15 25 28 45 47 05
03 07 21 22 38 47 27
07 17 24 29 47 49 45
07 11 15 21 26 34 38
09 12 15 19 21 47 38
20 24 34 36 43 45 03
06 13 33 38 41 43 29
04 07 12 15 27 34 37
04 11 25 27 39 41 43
16 20 22 31 42 48 43
06 07 18 21 27 48 42
15 26 27 38 42 43 39
02 13 33 35 38 49 40
01 04 17 20 28 32 47
01 03 10 15 17 40 28
02 08 16 17 20 26 32
12 24 25 33 37 44 13
01 10 12 13 29 47 09
15 17 21 22 27 36 16
01 03 11 18 40 46 35
05 06 11 26 33 41 04
09 17 27 35 39 44 40
04 06 10 14 16 29 26
04 19 31 34 37 44 06
11 28 29 41 45 47 21
08 17 23 40 41 43 28
26 28 30 34 36 39 01
01 20 28 30 34 40 19
15 18 24 28 34 42 02
01 12 33 36 46 48 41
01 06 08 28 37 39 42
15 26 31 37 44 47 43
09 26 28 35 45 47 25
03 05 25 26 29 30 31
18 20 36 41 46 48 21
07 12 24 39 43 48 30
02 11 20 37 45 47 13
09 22 26 30 44 49 31
02 03 04 15 23 40 13
08 20 21 24 34 47 10
13 17 26 28 32 34 06
10 16 17 27 36 38 47
07 10 11 18 37 47 04
01 06 38 41 43 45 48
15 22 30 33 34 47 38
02 15 28 41 42 49 24
06 09 29 31 42 47 14
18 21 28 33 41 47 48
08 14 21 41 45 48 34
04 12 25 34 36 40 49
09 27 28 32 34 43 02
12 18 23 24 46 49 14
04 07 29 39 44 47 23
01 06 09 11 33 39 40
05 06 25 30 32 48 45
17 25 32 33 46 48 39
14 19 20 21 29 49 07
02 09 24 34 41 45 48
03 06 19 21 31 49 07
03 04 07 24 27 31 13
02 08 14 25 43 44 11
03 12 19 21 31 48 26
02 04 20 22 30 37 01
01 02 03 09 20 49 24
02 29 41 42 45 48 05
08 20 26 36 44 47 28
16 22 27 35 38 46 32
02 17 23 39 47 48 22
05 19 31 32 34 45 13
03 08 12 18 22 33 37
04 08 10 35 46 47 32
11 16 24 27 36 48 47
03 12 30 35 37 38 18
05 18 19 32 40 44 34
11 14 21 22 32 49 07
12 19 23 30 35 36 15
01 04 15 16 18 36 21
10 11 23 26 28 30 17
07 08 26 31 35 39 37
04 06 08 35 36 43 05
08 09 24 35 39 41 02
09 18 24 34 40 43 28
13 15 17 30 38 45 04
03 04 15 16 17 46 12
06 09 31 41 45 47 18
03 12 15 28 29 34 08
01 04 13 22 39 42 34
06 09 17 25 33 42 27
10 15 26 35 40 44 11
12 17 31 38 44 45 43
04 06 19 25 34 43 17
02 04 09 31 33 46 05
02 07 11 15 17 27 04
10 12 16 29 41 48 25
02 03 25 28 35 43 39
11 18 20 24 29 49 02
08 16 29 40 46 47 18
11 15 21 27 38 43 48
04 05 14 17 22 39 09
09 10 15 33 40 49 48
07 20 23 29 35 41 06
14 15 17 22 38 48 19
04 07 16 23 26 28 09
04 18 24 30 31 49 36
01 05 28 31 44 46 14
01 10 29 40 44 49 33
05 09 14 24 29 37 36
12 14 15 16 22 34 13
01 06 11 16 20 25 22
02 11 16 19 44 47 27
07 18 27 32 42 48 17
04 14 24 30 43 48 34
11 12 16 18 23 31 36
12 24 27 45 47 49 06
03 08 10 25 26 40 38
01 04 05 06 09 25 27
15 17 22 27 36 46 23
01 23 27 36 45 49 07
09 17 26 36 40 48 02
10 16 20 28 32 48 30
15 18 22 24 42 44 28
01 14 21 35 39 40 05
03 11 26 32 35 43 01
09 14 27 29 42 45 44
09 22 23 31 45 47 39
11 14 16 29 31 46 30
23 25 34 40 42 46 39
17 20 29 35 38 40 22
16 34 37 42 47 48 17
01 03 04 26 34 37 14
07 19 28 33 43 45 13
06 09 27 29 43 47 17
01 04 15 38 40 46 49
14 26 28 38 39 45 08
07 14 18 23 32 46 42
03 18 19 20 37 47 25
14 18 28 32 36 46 44
03 17 20 26 33 47 34
06 08 17 22 28 32 20
20 23 27 32 34 49 30
01 03 07 22 28 36 21
08 12 31 33 42 44 49
06 08 10 19 20 22 42
05 06 12 23 38 39 48
04 11 15 19 32 44 42
13 15 23 25 26 29 09
03 10 20 30 41 44 31
01 06 31 41 42 49 44
10 16 22 26 31 42 23
09 14 30 31 32 49 01
13 14 15 31 46 48 36
01 16 25 33 41 49 46
03 06 10 14 15 20 33
09 14 29 30 32 36 20
24 25 28 35 38 47 16
03 06 17 18 42 43 36
21 25 26 33 35 39 17
01 07 22 28 29 49 37
07 10 17 18 28 30 06
08 12 19 39 48 49 17
01 14 26 28 31 48 36
06 21 29 39 40 47 33
17 22 31 39 45 47 49
03 15 18 26 45 49 41
22 25 35 36 39 47 31
13 25 26 29 30 39 19
03 06 07 09 11 28 34
33 39 40 43 48 49 34
01 11 29 40 43 44 04
14 17 26 32 35 41 15
04 06 09 29 31 36 20
01 03 06 07 15 27 30
08 09 11 16 17 38 20
24 28 35 37 42 48 38
04 20 27 33 41 46 12
01 11 24 35 44 45 49
01 10 31 41 44 47 18
05 09 34 36 41 49 26
09 10 22 24 43 44 30
06 15 30 38 47 48 40
01 20 22 25 34 47 17
02 09 29 43 46 47 21
08 18 19 29 31 34 36
04 22 25 37 38 42 20
04 09 14 26 30 42 21
13 31 32 35 39 42 16
18 19 21 28 47 49 46
03 08 10 25 29 34 32
01 08 17 32 39 43 48
12 27 35 44 47 49 36
03 06 08 23 25 49 04
03 18 20 21 30 41 13
09 10 12 31 34 44 18
03 06 21 33 34 43 09
02 15 19 34 42 45 14
01 17 24 29 39 40 21
01 16 17 19 26 46 29
05 18 24 26 41 44 20
01 08 17 30 36 46 16
10 19 24 28 31 34 27
06 14 15 38 46 49 29
01 08 15 19 20 33 47
04 14 31 39 43 47 27
12 13 18 41 43 49 39
04 21 25 45 47 49 06
04 09 20 32 42 43 05
07 09 12 40 42 44 14
01 36 38 43 46 49 21
06 16 31 32 44 49 43
09 16 30 31 38 41 46
04 15 16 28 39 45 25
03 16 36 39 42 44 17
09 11 27 31 33 34 21
09 15 16 17 18 37 33
03 17 18 26 28 44 38
08 20 23 34 37 49 44
04 05 18 21 27 31 07
05 20 37 38 43 48 06
04 20 27 30 31 37 18
02 03 04 16 26 36 45
11 13 15 39 48 49 37
26 27 32 33 37 45 39
20 21 35 37 47 48 14
07 10 24 25 27 29 19
19 23 25 40 46 49 30
02 14 30 32 36 45 11
15 21 23 25 34 45 35
03 05 24 26 31 40 45
02 23 24 29 33 35 14
08 26 39 40 41 43 05
05 09 15 24 28 35 44
11 16 19 21 38 46 34
03 13 16 19 27 33 22
06 10 20 27 39 46 38
02 03 16 17 24 32 40
04 06 15 28 30 33 27
07 10 17 19 20 22 30
02 15 21 24 29 46 27
02 17 23 35 42 48 27
01 09 18 25 37 48 14
11 20 21 26 34 49 04
22 28 35 36 44 45 06
07 23 35 42 45 49 36
02 10 12 18 24 33 11
22 33 36 43 48 49 25
04 09 25 26 27 28 03
10 19 38 39 44 45 31
11 24 31 45 46 47 06
04 18 21 31 42 49 25
06 18 20 28 43 45 13
06 14 16 28 41 45 27
12 14 17 23 24 45 42
20 21 32 35 46 47 03
01 03 12 29 36 41 14
01 17 28 32 39 40 16
09 12 22 27 36 47 46
02 08 15 26 37 45 14
01 14 28 29 37 43 30
02 06 13 16 30 36 25
10 23 33 36 39 44 30
02 10 12 30 37 39 48
11 16 26 38 45 49 05
09 20 22 32 35 41 08
09 12 16 24 34 35 07
09 12 21 27 37 45 07
10 16 33 34 44 47 06
09 17 28 31 35 37 19
02 04 14 30 39 41 49
03 10 16 30 34 44 01
04 14 19 24 26 48 35
02 10 28 32 37 47 31
03 13 19 20 36 39 15
10 11 25 33 40 46 06
04 08 13 19 44 48 27
01 30 32 35 37 44 40
03 18 21 41 44 45 15
03 04 15 16 23 45 21
03 17 24 30 31 44 07
02 17 37 40 45 49 48
18 24 25 30 31 35 36
02 20 40 42 47 48 28
15 23 26 38 46 47 21
14 17 34 37 43 48 20
10 14 32 36 37 38 47
04 16 22 27 38 39 36
01 02 09 17 22 25 08
03 11 13 23 40 49 43
02 05 09 32 41 42 44
01 20 28 30 42 43 10
01 09 30 40 41 48 49
01 03 14 16 24 41 13
04 05 21 31 36 38 14
01 04 15 17 36 42 40
11 13 15 31 37 47 19
12 22 27 35 44 48 38
03 22 23 26 42 48 28
05 07 08 18 24 29 14
05 14 31 32 36 46 11
01 09 15 31 33 41 37
07 09 27 31 36 39 32
04 08 14 23 48 49 11
23 26 27 37 42 46 15
02 05 27 32 42 46 16
10 14 26 29 30 31 18
04 12 14 24 32 38 13
25 29 32 33 37 44 47
11 17 24 27 31 38 49
15 18 24 27 39 49 06
26 28 37 43 45 47 25
11 14 34 36 43 46 01
07 25 27 36 39 42 31
03 12 40 43 48 49 32
04 15 17 22 34 43 35
06 16 20 25 27 45 29
03 16 32 38 40 48 27
12 13 20 28 41 43 23
03 19 42 44 48 49 38
06 10 12 26 28 35 24
10 16 20 39 45 46 47
04 10 24 29 33 35 07
05 14 22 24 27 45 08
12 13 26 33 42 49 48
02 12 14 23 40 46 39
26 29 34 35 37 47 08
01 05 08 17 20 37 33
04 09 34 39 48 49 18
12 19 22 36 40 47 25
06 09 17 18 29 34 42
11 14 28 29 37 41 19
01 13 39 40 41 43 18
16 26 30 37 43 47 31
03 19 29 36 47 49 33
09 10 11 20 26 44 31
16 23 29 30 37 38 33
04 10 12 14 29 48 03
07 08 15 32 34 39 43
03 05 09 19 48 49 26
21 36 41 42 46 49 06
07 15 32 33 34 43 10
02 06 17 24 37 49 46
08 16 19 33 35 46 12
02 12 17 27 32 33 44
06 35 41 42 44 47 19
02 20 22 30 40 45 44
07 26 29 32 33 37 31
01 04 13 27 47 49 33
01 08 20 27 33 36 35
17 18 21 25 40 48 16
03 04 13 29 31 41 46
01 07 13 32 35 39 31
12 14 17 20 40 48 19
01 07 14 31 34 42 16
06 08 10 21 25 29 33
02 25 30 36 37 43 22
01 04 12 14 35 47 33
12 19 24 43 46 47 30
14 15 28 31 32 48 40
01 25 30 33 39 40 07
10 19 25 32 33 37 27
08 15 31 35 42 44 39
03 14 16 18 38 49 29
08 18 19 28 37 44 13
10 21 24 33 40 47 05
16 21 27 37 40 43 14
01 02 14 37 43 49 24
14 15 16 25 27 30 11
05 07 09 13 15 29 47
08 16 21 30 42 46 32
17 18 20 26 31 32 06
04 05 10 13 28 35 12
06 15 25 29 32 46 09
05 07 14 17 46 47 27
11 34 36 43 47 49 21
13 16 17 18 22 45 10
05 07 17 18 27 48 30
02 17 23 30 34 41 14
07 09 10 14 22 31 35
02 10 12 21 25 35 26
14 22 28 33 44 46 25
15 20 28 29 42 46 35
17 18 28 32 33 48 37
10 12 20 22 25 33 27
06 09 23 25 41 43 38
13 17 25 27 46 49 19
02 06 10 20 38 40 46
06 08 12 16 32 49 37
01 18 22 27 45 48 25
14 17 23 24 25 37 34
04 21 25 29 32 37 27
01 05 11 23 34 47 14
12 15 17 30 31 43 46
07 26 30 33 34 38 05
02 05 13 37 42 44 27
02 06 09 16 39 49 29
06 11 16 29 30 37 34
02 05 10 27 36 46 07
04 12 20 37 42 47 35
09 12 26 29 44 45 19
21 24 26 42 43 46 04
10 11 31 34 37 38 14
06 17 18 19 20 42 25
30 31 35 40 42 48 06
01 03 05 20 35 39 28
12 17 29 31 41 47 38
03 13 20 24 43 48 49
03 04 07 08 26 36 31
12 19 21 24 36 49 23
01 08 28 31 36 45 09
06 08 30 34 36 42 12
07 10 12 16 26 49 40
11 13 41 42 43 49 29
03 07 14 21 25 29 06
02 13 15 38 39 44 08
03 07 15 25 26 47 10
05 17 22 34 38 48 02
21 32 36 37 44 46 47
21 27 28 33 37 48 13
16 18 19 36 42 47 46
05 10 13 43 44 45 07
07 10 15 37 42 45 41
02 07 20 23 44 47 30
09 16 28 36 42 45 02
11 12 15 21 38 42 25
18 24 28 31 39 49 44
09 11 14 22 27 49 44
07 12 16 17 20 25 31
10 13 35 38 42 44 27
10 12 24 25 26 33 23
13 16 24 26 40 44 42
04 11 12 24 35 46 03
12 16 31 34 42 48 37
03 10 26 33 42 46 44
01 05 26 28 40 49 15
08 09 18 33 41 43 15
12 14 21 27 38 43 15
04 11 23 32 44 48 49
09 24 32 34 43 47 35
09 19 28 29 38 40 33
02 05 17 22 27 28 37
07 08 10 13 20 38 05
16 18 22 23 35 38 25
13 20 23 24 46 47 39
04 14 15 19 41 42 10
10 33 40 43 45 49 38
04 11 15 26 28 30 13
12 25 32 33 34 35 45
04 05 11 17 24 48 46
14 20 28 31 32 47 18
05 09 13 15 21 23 12
22 23 35 40 41 42 16
10 12 19 25 42 46 37
22 26 27 28 36 47 12
01 04 08 21 22 24 46
02 06 13 25 30 33 20
07 17 34 41 43 49 01
04 05 18 23 32 44 06
02 26 31 32 36 37 12
03 15 16 39 41 42 36
09 13 29 30 39 45 48
09 22 28 32 37 39 47
05 06 08 10 31 36 17
12 16 34 36 42 45 41
15 16 20 26 36 40 46
01 04 13 22 32 41 26
01 11 13 23 35 36 34
05 13 21 25 38 40 17
03 05 17 22 25 27 46
01 04 09 17 35 41 37
02 11 12 25 36 43 10
04 10 15 16 24 28 49
06 15 16 18 37 43 02
09 10 23 28 37 46 34
08 10 16 30 39 40 06
02 07 09 22 32 46 26
08 17 28 34 39 40 14
04 21 22 35 36 46 40
01 04 22 30 33 34 26
17 18 26 30 33 34 29
02 12 19 33 34 48 24
07 11 15 38 39 46 25
01 14 16 25 40 48 17
18 27 28 34 35 45 02
20 22 31 33 39 44 10
04 05 06 22 31 46 47
04 10 28 37 42 48 08
07 12 13 25 34 38 15
05 10 11 25 27 44 07
06 16 27 34 44 48 01
04 14 28 42 43 47 03
10 20 24 28 33 45 19
13 15 24 28 41 45 20
12 13 31 33 35 47 21
13 15 25 40 41 48 19
09 20 30 33 38 39 37
17 21 22 36 41 44 38
10 17 25 26 39 44 07
15 21 24 25 28 31 48
08 09 10 22 33 40 28
04 11 14 41 42 44 10
06 16 19 34 35 46 09
09 10 25 40 48 49 32
09 24 29 32 34 47 42
16 18 27 35 42 44 33
18 22 40 41 48 49 42
18 20 24 36 44 45 39
06 11 16 20 43 45 21
11 28 36 38 44 48 26
12 18 20 28 33 47 25
01 08 33 37 42 47 07
03 05 20 30 33 38 28
02 11 12 22 24 25 03
06 08 11 32 34 41 47
02 05 07 18 30 45 11
06 09 11 29 43 47 08
04 08 15 18 30 45 38
08 13 15 35 44 45 47
01 02 10 23 32 49 26
01 02 06 37 40 43 24
08 18 20 25 30 39 13
02 12 33 40 45 47 09
07 08 12 14 23 32 05
05 09 22 26 27 40 13
08 20 30 34 42 48 36
01 05 29 32 39 44 04
18 28 30 33 34 36 02
07 13 15 35 38 45 32
11 13 15 19 21 29 41
03 04 17 30 35 47 10
08 14 24 29 36 43 31
18 21 22 34 42 43 24
13 20 38 39 41 45 46
12 20 39 44 47 49 45
09 15 24 27 44 45 47
03 06 22 24 45 47 07
06 09 11 20 27 44 42
11 16 19 21 30 33 31
01 02 05 07 16 45 33
17 26 29 32 48 49 40
03 04 16 30 34 39 14
09 14 24 30 33 48 43
03 23 33 36 41 49 02
01 06 19 26 28 41 39
03 08 15 16 17 38 35
23 25 35 39 42 43 14
05 10 18 24 27 49 39
16 18 21 25 35 46 13
17 24 38 44 46 47 27
09 12 13 22 30 31 28
04 06 29 34 36 45 47
04 10 21 30 35 43 07
08 21 25 32 34 45 31
03 06 13 38 43 44 31
21 25 28 33 46 48 10
14 21 25 27 44 46 03
16 24 28 35 45 46 38
05 08 30 34 45 48 03
03 05 14 15 39 41 21
02 10 16 35 46 47 49
01 03 25 27 28 45 12
11 20 28 29 44 49 40
06 07 12 15 27 36 29
20 26 28 32 40 45 43
04 12 19 20 27 49 21
02 11 25 28 36 46 42
01 19 23 24 32 40 35
02 08 20 24 37 39 18
06 13 23 25 44 48 11
14 18 33 34 35 46 42
09 15 36 38 46 48 22
21 23 32 33 36 42 20
21 24 36 38 39 44 49
03 04 19 24 26 34 38
08 16 21 32 38 48 11
02 05 08 12 20 49 47
04 13 34 36 42 48 19
10 14 23 29 40 42 11
13 15 30 36 44 49 37
19 22 27 29 45 48 04
04 05 08 12 34 37 24
09 10 20 21 38 39 49
06 09 21 35 48 49 29
10 15 22 38 42 43 18
07 13 23 30 32 48 36
02 05 06 07 16 29 35
02 08 16 32 33 37 05
01 06 13 17 34 44 38
13 14 21 31 38 44 22
07 19 20 28 30 31 29
12 20 31 32 35 45 18
16 21 30 36 38 47 48
01 02 07 16 24 34 36
07 21 27 33 46 47 04
10 11 22 41 44 46 35
11 18 26 31 39 44 24
03 14 17 21 28 49 12
12 20 24 35 39 47 15
09 21 29 33 35 48 28
07 11 12 19 21 39 49
10 16 34 41 45 47 07
02 17 23 32 36 40 03
05 09 13 22 34 39 40
10 11 19 23 30 38 13
03 04 11 23 44 47 24
05 12 14 20 27 46 26
03 17 20 22 45 46 30
02 03 15 28 46 48 33
14 16 24 25 43 44 03
04 20 34 35 40 47 03
03 06 13 24 37 43 30
14 20 21 31 34 42 25
08 11 13 30 34 49 02
08 25 26 28 38 43 22
11 15 33 41 43 48 27
03 04 05 26 45 48 14
07 16 32 37 38 46 22
01 13 19 21 38 49 23
24 25 34 35 44 49 30
03 18 21 25 31 42 26
04 16 19 27 41 44 25
05 30 38 43 44 47 14
01 17 20 34 43 44 42
12 16 19 23 28 32 27
14 20 28 33 41 48 40
07 08 21 22 34 46 06
02 06 10 28 38 40 30
05 11 13 19 33 48 34
12 26 28 36 45 49 09
16 19 24 28 36 42 13
02 09 16 27 32 40 46
07 12 18 27 28 40 10
08 27 28 30 38 41 12
02 04 07 15 28 45 19
03 12 13 20 33 43 35
07 08 12 17 22 29 14
08 16 17 34 35 44 41
22 26 32 38 43 47 42
01 02 21 31 33 36 08
06 14 18 22 30 38 47
09 12 31 39 42 46 48
03 05 06 11 34 42 28
03 17 38 39 46 49 37
02 16 27 29 34 41 42
10 15 17 18 27 40 26
05 18 26 28 30 45 33
02 06 23 24 37 42 32
12 13 16 18 38 40 05
03 09 24 31 38 49 41
01 02 03 04 07 10 33
04 11 18 22 24 49 25
09 15 18 21 24 37 16
08 13 23 30 47 48 07
03 07 17 29 32 49 11
09 24 26 28 37 39 29
07 22 32 33 34 39 45
07 14 26 31 38 44 37
15 19 20 32 33 34 23
03 10 21 26 28 38 29
05 28 32 34 37 48 39
04 14 16 25 32 35 47
03 04 10 26 37 43 41
02 11 13 15 17 21 26
08 09 12 15 17 28 33
04 11 22 29 37 46 18
05 14 20 21 36 49 39
07 10 14 29 45 46 19
02 07 14 26 38 39 12
18 25 27 30 40 43 06
01 06 22 37 44 48 35
26 27 28 36 42 47 33
01 02 13 23 35 43 18
08 27 28 37 38 49 33
02 05 23 27 36 43 20
13 24 28 29 31 44 10
08 15 25 30 34 40 42
13 14 18 23 29 35 45
07 14 25 28 33 40 26
06 11 22 25 32 33 24
03 12 13 19 24 45 40
07 21 26 30 38 47 15
14 16 21 28 43 46 26
05 08 23 34 41 44 07
05 08 12 17 20 37 45
01 07 13 29 32 44 20
13 15 16 32 34 46 10
04 12 19 20 25 26 08
15 20 24 34 42 44 07
06 13 31 42 43 45 34
10 18 22 23 29 32 45
02 14 18 19 40 43 42
17 19 25 35 41 44 26
01 04 20 27 32 39 15
02 32 33 35 36 44 48
01 02 11 19 40 48 04
02 13 17 23 30 46 08
08 12 20 25 37 46 02
05 14 17 33 41 47 16
09 10 23 30 38 48 16
02 09 21 35 36 40 44
18 19 21 30 38 48 07
07 17 20 34 36 44 23
03 09 19 33 40 41 26
04 21 24 39 45 46 40
02 11 14 20 27 30 19
14 17 22 29 30 31 38
04 10 25 26 38 49 34
01 04 05 29 33 44 39
04 10 11 18 29 38 28
01 09 11 23 29 34 06
01 21 22 45 46 49 14
16 17 21 42 48 49 37
05 08 14 22 31 48 33
01 20 22 27 31 41 02
04 17 21 32 36 46 27
01 03 09 13 34 35 27
06 22 23 31 36 45 12
09 16 22 38 40 46 11
01 07 12 18 27 33 20
01 05 07 09 10 15 03
07 11 20 28 41 49 32
02 03 17 34 38 48 14
07 13 17 23 29 46 49
23 26 27 39 40 48 07
05 07 18 22 33 43 27
14 18 27 32 37 38 01
04 18 23 28 36 45 33
11 15 24 25 33 40 42
08 24 26 30 47 49 35
08 11 15 23 24 29 06
01 13 18 23 30 44 42
21 23 27 34 46 49 44
01 02 05 12 18 19 44
09 34 39 42 46 49 32
15 18 20 25 35 45 34
18 20 21 27 31 49 45
03 28 30 32 37 42 11
12 24 30 40 44 48 08
11 16 26 27 29 37 19
04 09 27 33 39 42 35
02 05 15 26 27 38 18
02 06 07 08 10 30 28
03 08 11 21 36 48 37
01 11 20 22 43 45 35
04 05 25 27 29 41 18
29 34 35 42 43 48 26
06 14 32 33 40 46 10
05 09 12 25 26 34 21
04 06 27 36 47 49 03
08 09 15 33 37 47 01
03 04 31 37 42 44 40
11 15 25 30 37 43 17
10 25 26 32 36 37 46
06 18 22 24 35 40 36
14 25 32 35 39 48 31
08 10 25 28 33 37 07
18 22 25 32 33 42 29
03 04 15 25 38 45 28
03 04 07 19 20 23 27
05 21 24 29 43 44 42
02 23 32 34 43 45 22
04 23 24 33 40 43 15
04 07 10 21 28 47 17
16 34 35 36 40 46 31
12 24 26 34 44 48 04
12 17 18 25 33 37 29
01 05 11 23 24 27 15
01 02 08 30 39 43 19
10 19 27 29 41 46 17
04 07 18 23 29 39 49
21 23 30 38 44 49 37
25 26 34 41 42 49 01
03 12 16 23 36 47 33
07 11 12 30 34 36 17
01 03 04 05 32 39 10
01 13 22 25 30 36 04
02 10 19 27 31 33 16
07 18 24 26 39 45 44
02 11 19 20 33 49 06
01 08 19 22 35 46 30
10 16 22 23 26 46 25
03 06 24 38 45 48 05
06 17 22 26 32 45 24
01 06 08 11 12 16 41
02 04 19 30 35 47 25
08 12 19 24 28 49 37
08 16 18 30 43 45 27
01 08 09 16 29 42 49
04 05 20 29 35 38 36
07 16 18 22 26 44 09
21 26 29 35 45 49 41
05 18 20 32 36 40 07
23 30 32 33 43 44 28
03 18 19 35 38 40 48
03 32 36 46 48 49 29
12 16 22 28 36 37 45
01 15 20 28 33 43 18
03 08 20 34 40 46 24
19 24 26 30 36 41 43
08 27 30 35 36 43 31
03 04 30 37 39 42 32
05 13 16 28 40 41 02
06 08 09 23 36 40 19
04 10 32 35 38 47 49
07 14 19 27 28 38 46
07 09 14 18 20 44 29
01 25 34 37 39 47 18
22 24 29 35 38 48 30
04 15 29 34 38 48 30
07 10 20 25 34 35 08
01 03 06 09 24 28 36
03 09 33 38 44 49 24
14 21 22 28 30 47 03
01 16 26 34 39 47 11
02 07 16 28 30 37 12
15 17 23 40 44 46 11
01 13 22 25 36 38 37
12 18 28 35 39 42 36
01 12 21 31 36 49 23
03 29 31 43 47 49 19
02 21 27 30 36 37 04
02 05 23 24 27 34 08
03 20 27 32 37 41 44
03 14 23 36 40 47 20
08 17 26 33 43 45 40
04 07 11 12 40 49 25
20 23 26 29 47 49 39
02 04 12 25 40 49 08
03 19 26 28 35 48 32
13 16 22 28 37 41 34
01 02 09 27 33 45 38
02 09 18 27 32 42 12
01 19 21 32 43 45 34
03 05 25 42 43 44 02
04 12 19 20 30 39 05
17 20 34 38 42 45 05
13 24 28 31 41 43 16
02 14 15 17 18 29 01
06 10 11 23 28 43 21
02 11 17 19 35 37 20
01 06 30 43 44 48 07
07 18 19 26 27 39 02
05 16 20 25 34 42 02
13 16 25 35 38 49 33
04 06 23 33 40 47 30
03 22 27 29 42 45 10
10 18 21 29 33 46 36
12 19 23 28 35 45 06
05 12 24 27 30 47 43
09 13 16 18 19 34 21
21 29 31 41 46 49 36
19 24 29 39 40 42 30
04 20 23 27 31 43 03
01 15 23 34 43 48 25
01 02 09 11 37 41 18
12 14 15 36 38 40 42
03 08 16 22 28 32 24
20 21 33 40 45 49 43
10 14 28 30 42 44 35
12 20 21 28 33 41 09
08 12 20 33 35 45 42
02 15 17 18 21 44 14
01 05 10 20 21 25 43
12 24 30 31 32 34 41
03 24 40 44 45 49 08
03 14 18 28 31 40 38
12 19 25 31 36 49 11
01 06 09 19 21 23 43
05 08 09 19 32 44 39
03 16 23 30 43 46 26
14 23 29 36 37 47 25
07 12 14 22 31 33 38
04 05 07 11 12 13 18
01 12 22 40 42 44 28
03 06 11 22 45 46 01
03 05 28 33 40 49 32
04 15 30 33 38 41 16
06 10 24 34 40 45 09
05 32 34 36 38 43 25
11 23 35 41 46 49 47
30 31 34 40 41 42 33
02 10 24 28 35 39 27
01 07 20 21 35 48 22
02 07 21 31 33 42 24
16 23 24 31 33 34 18
02 09 16 18 24 46 47
08 17 07 42 12 33 26
06 13 23 29 38 45 41
05 06 16 18 30 32 27
03 21 22 41 45 49 10
01 13 20 34 38 40 29
08 17 20 26 40 46 19
06 08 29 38 41 49 02
01 05 07 08 30 33 22
07 13 22 27 33 36 45
06 10 32 36 41 48 47
12 16 23 25 40 42 20
13 14 15 37 38 44 40
02 16 17 27 32 37 12
22 32 37 44 46 49 38
05 07 11 26 30 43 17
24 27 36 43 44 46 30
03 05 11 34 35 45 28
04 15 23 34 37 48 30
04 21 25 39 46 47 12
08 10 11 20 21 34 13
01 11 25 38 47 49 37
32 37 38 42 43 49 24
09 13 16 27 29 41 37
02 14 24 37 42 47 20
03 10 18 28 40 47 04
12 14 22 30 38 44 34
03 04 19 28 31 48 27
09 18 26 30 36 46 02
04 15 21 23 44 46 13
10 13 20 26 35 45 37
04 05 33 36 44 47 13
17 26 30 33 38 49 47
07 09 12 18 41 46 33
31 36 38 45 47 49 37
14 20 22 39 41 48 35
04 06 11 33 37 48 41
09 11 18 23 32 48 26
05 06 17 26 40 41 46
02 13 21 23 32 40 30
05 14 20 22 24 48 04
14 17 30 46 48 49 36
09 31 34 35 37 38 16
13 18 23 28 33 49 19
13 19 34 35 45 46 27
02 10 35 39 44 49 08
07 09 18 27 44 45 15
07 09 19 29 39 42 41
08 14 21 24 34 43 01
07 11 19 32 45 46 37
10 13 22 25 40 42 05
06 17 20 34 36 44 15
06 13 20 25 27 29 21
01 05 15 39 45 47 43
04 07 10 22 34 42 38
09 13 15 16 20 32 12
04 19 24 38 39 44 46
01 08 22 23 46 47 12
09 16 22 24 40 47 17
06 24 26 36 44 49 08
08 22 30 34 35 37 29
02 10 29 32 40 41 44
05 09 12 14 42 43 45
04 12 14 17 29 35 38
15 16 18 22 26 48 34
03 08 13 25 30 34 32
07 08 15 27 29 38 39
14 25 31 34 36 43 35
02 20 29 32 38 39 47
08 11 14 20 22 31 19
08 20 32 40 44 46 34
20 27 29 40 45 48 43
07 08 10 20 33 42 22
01 15 21 23 24 33 39
05 10 30 33 36 37 22
01 10 11 13 30 33 45
04 07 08 12 13 26 42
07 20 33 46 48 49 04
02 14 16 32 41 47 23
01 04 17 22 23 35 37
06 07 13 33 35 46 43
08 23 25 30 32 45 24
12 13 16 19 23 45 02
04 05 12 23 30 40 10
06 07 28 31 36 43 23
10 18 35 37 48 49 27
10 16 17 33 44 48 07
16 18 28 35 36 41 37
13 24 31 34 44 47 08
03 19 25 30 33 48 44
11 18 33 41 43 46 36
14 27 29 41 45 46 21
03 10 14 24 32 45 29
18 22 26 31 33 41 27
05 06 13 19 34 35 39
02 04 11 15 19 29 01
01 19 29 34 39 49 43
09 17 26 31 32 40 27
05 08 16 20 43 46 11
03 07 08 17 19 23 12
02 05 08 13 16 33 41
16 29 36 39 42 49 34
13 14 15 21 33 49 01
09 12 13 19 21 46 15
22 24 25 30 32 43 11
21 24 26 35 44 47 08
10 16 28 32 34 49 45
08 15 17 23 39 44 40
13 32 34 35 41 46 30
06 21 27 33 38 47 46
04 10 25 28 40 43 39
05 09 12 23 31 43 29
04 18 23 38 40 46 15
07 12 22 32 37 45 47
10 11 15 39 46 49 21
02 03 10 21 31 35 11
03 05 17 23 41 44 40
15 17 18 37 39 49 31
06 10 15 21 24 28 49
29 34 38 42 44 47 36
08 21 34 37 41 45 49
03 14 17 23 32 43 36
06 18 32 38 41 45 33
03 15 22 35 40 49 39
11 20 30 32 33 43 34
28 30 32 37 39 47 23
11 13 18 21 28 34 19
02 08 14 21 32 35 04
01 29 32 43 45 49 05
01 06 19 23 45 47 49
06 13 19 20 24 35 43
06 12 35 39 42 44 22
03 04 05 24 29 32 02
10 12 14 30 37 41 05
01 04 07 23 37 38 34
01 02 09 16 30 41 35
04 07 21 24 35 41 18
11 13 14 17 33 43 27
12 14 23 30 40 48 01
22 29 37 42 45 49 47
12 15 16 31 36 46 03
03 13 19 23 35 43 26
16 21 24 28 37 40 48
06 13 21 24 32 47 38
03 08 24 27 28 49 44
08 19 20 21 25 37 13
03 06 21 31 33 38 45
07 08 17 30 42 44 24
18 23 26 29 35 48 36
09 11 15 21 25 33 46
13 29 30 33 43 47 16
23 25 29 32 40 46 13
12 20 33 42 46 47 27
09 13 22 29 31 46 45
13 14 15 42 45 48 02
01 02 12 15 24 44 14
07 08 10 11 28 42 29
03 05 20 31 39 42 25
03 06 26 27 32 49 29
12 14 32 35 38 46 16
06 16 22 28 37 45 13
02 04 08 11 17 31 19
26 27 30 33 44 47 37
14 19 25 38 39 42 46
07 10 11 16 18 35 43
04 14 19 24 39 45 08
03 16 19 22 41 44 29
13 18 20 21 43 49 30
23 24 27 28 37 43 16
05 06 15 21 22 37 36
08 09 19 25 30 44 37
15 22 42 44 48 49 06
10 14 16 29 30 43 11
02 13 23 35 38 46 17
04 09 20 26 32 44 11
12 15 16 23 32 35 02
01 04 05 06 42 43 08
01 10 21 31 47 49 13
06 18 29 33 43 46 16
08 24 26 37 38 44 18
01 06 14 24 32 44 05
02 08 17 24 27 39 10
03 04 18 29 41 44 39
07 08 12 25 43 45 13
11 12 13 28 43 49 47
05 23 24 25 31 33 07
01 04 07 12 19 28 43
12 20 22 26 30 36 02
08 17 34 39 42 44 07
03 28 39 40 42 44 37
06 17 44 45 46 49 41
02 03 11 20 27 46 04
02 03 07 10 18 48 33
01 12 13 15 19 45 44
13 23 35 36 43 47 16
10 16 27 29 37 42 44
14 18 19 21 45 47 49
01 06 19 22 42 44 25
01 06 11 31 41 47 32
07 10 16 23 27 34 24
01 17 24 30 40 49 48
02 10 13 19 20 24 17
13 15 25 30 40 46 26
07 20 30 33 34 44 46
06 17 18 23 31 46 44
02 03 13 18 31 49 14
10 23 28 39 44 47 13
01 04 12 13 24 42 48
03 04 05 10 35 38 07
01 20 28 30 35 46 15
05 09 15 25 42 45 38
22 23 29 36 41 44 02
01 10 18 24 40 49 07
01 15 23 29 45 47 06
02 06 08 16 23 31 01
14 25 26 30 32 47 04
05 06 11 12 28 35 17
06 21 32 35 39 49 15
02 04 06 08 28 29 05
03 20 23 30 34 41 47
22 24 28 31 35 39 12
11 22 24 26 41 42 02
05 11 14 23 30 32 20
01 22 25 27 31 36 47
05 10 18 20 28 33 17
15 17 29 30 34 37 40
01 24 25 27 31 37 08
05 17 35 37 42 49 39
02 20 24 30 32 46 01
18 29 32 33 36 40 38
11 14 21 28 37 44 36
02 11 13 45 46 49 42
03 05 30 31 43 48 13
11 24 26 35 42 44 20
09 21 26 27 28 48 45
21 28 33 34 40 47 49
09 26 28 33 38 46 44
01 13 19 24 29 45 26
06 11 33 38 40 43 02
11 17 35 36 38 40 06
13 15 25 28 45 49 24
06 15 17 18 28 47 32
13 19 20 21 33 49 45
22 25 30 33 34 43 24
07 12 16 22 45 47 25
05 12 13 23 27 38 39
24 27 29 31 42 47 22
11 13 19 38 39 41 47
07 32 34 35 48 49 23
01 11 23 29 41 46 44
02 11 13 20 21 33 14
08 11 12 23 34 49 28
11 20 36 37 39 48 21
14 18 24 27 28 41 45
10 11 24 39 41 42 22
03 09 14 21 45 46 34
22 24 30 36 38 46 33
05 19 29 32 33 34 43
05 19 22 26 35 40 02
04 24 39 41 42 45 06
14 21 22 38 40 45 17
15 16 18 21 24 31 22
05 09 16 21 44 49 15
02 10 30 31 35 46 03
18 21 24 26 30 35 48
10 16 22 40 44 45 49
01 02 16 20 31 38 07
06 25 31 36 41 47 10
03 13 28 30 31 45 22
04 05 13 14 25 44 16
02 14 18 28 34 44 21
14 17 35 37 39 46 02
06 15 16 21 27 28 43
01 23 32 38 43 46 05
16 17 21 24 43 47 30
03 08 09 14 23 25 35
11 14 16 19 38 41 06
06 12 24 26 30 43 20
24 26 36 37 41 43 31
01 02 33 34 42 49 39
04 07 08 20 22 41 21
07 09 12 13 14 16 23
07 10 13 14 20 35 49
05 06 17 23 29 38 24
12 32 40 42 48 49 27
15 18 20 23 31 47 12
02 13 15 19 38 41 30
07 09 29 33 36 49 41
08 09 10 19 38 45 06
05 08 22 26 40 41 46
15 22 30 31 35 45 06
05 14 28 29 31 37 11
02 09 26 34 35 36 04
08 14 31 37 44 47 38
01 07 19 22 27 49 20
05 12 30 43 44 45 21
01 06 16 28 33 36 08
02 06 16 22 34 49 45
07 13 21 24 28 30 10
02 03 15 29 41 43 07
03 11 13 22 44 45 04
01 25 31 34 42 48 20
04 15 17 32 38 43 30
01 05 07 24 26 30 08
04 11 14 21 38 48 31
02 07 11 27 37 42 28
10 16 24 39 44 47 28
07 09 24 29 37 48 17
02 06 15 16 26 34 14
07 09 13 27 39 43 42
25 28 34 37 40 49 33
09 13 21 35 38 48 20
06 19 22 23 28 49 20
01 06 16 30 32 47 12
02 07 15 19 31 49 46
02 03 04 05 08 23 27
11 12 25 27 28 34 46
08 11 19 22 29 44 14
01 04 09 21 36 42 03
10 13 15 29 31 39 47
10 17 19 25 36 39 31
13 14 26 34 35 44 12
04 12 14 17 22 32 41
20 21 30 34 36 37 29
11 12 19 38 39 41 06
04 26 28 31 32 33 08
02 05 18 21 42 48 46
05 10 17 30 43 44 40
02 14 15 16 33 45 19
01 12 23 29 45 46 48
10 28 39 45 48 49 15
05 08 29 31 32 36 12
02 07 21 23 27 36 40
07 22 24 31 33 37 39
12 26 31 37 38 44 16
07 08 32 33 39 49 23
01 06 11 20 32 35 22
14 15 25 26 32 45 02
02 04 10 17 38 41 47
15 18 32 43 45 47 12
02 23 31 38 43 45 40
02 03 11 20 24 47 48
06 12 19 31 47 48 41
19 20 26 29 32 48 38
08 11 19 21 24 47 23
02 06 09 27 43 45 35
03 14 16 23 38 46 02
07 13 15 19 24 37 02
06 09 11 13 15 47 38
09 14 23 28 34 48 36
01 05 17 26 34 48 42
03 14 37 41 42 45 04
04 05 24 33 44 49 41
03 22 30 32 40 43 05
13 15 40 41 42 49 21
03 11 15 25 30 45 33
10 13 31 37 40 46 15
01 11 15 21 24 28 08
09 13 25 27 33 36 35
02 16 23 25 29 38 18
18 19 24 38 39 42 41
02 06 11 22 34 38 07
10 28 36 39 47 48 44
02 14 30 41 42 44 22
01 17 22 26 38 44 08
03 21 26 36 38 49 09
01 21 24 29 44 46 19
04 13 19 21 35 43 27
04 07 09 13 15 43 01
07 21 34 35 42 48 41
07 24 29 36 41 43 35
05 06 19 43 47 49 39
12 20 21 26 33 42 09
11 12 16 32 43 44 41
03 09 11 17 22 44 23
08 11 20 30 35 40 27
21 25 30 33 36 49 03
20 21 22 29 34 35 07
02 08 12 14 20 47 36
01 03 10 11 30 42 39
10 18 20 29 32 33 02
15 18 21 25 39 43 33
06 13 17 28 35 44 05
06 07 22 34 35 46 08
02 09 11 12 16 24 43
12 19 21 22 40 43 46
01 05 23 42 46 49 11
11 20 23 29 38 47 12
03 10 12 28 39 48 17
12 18 22 30 40 49 15
06 28 32 33 40 45 01
15 20 26 28 29 46 12
08 18 21 35 37 38 10
04 08 21 40 46 49 34
09 11 12 22 29 42 03
10 20 36 38 43 48 30
08 11 12 20 26 30 28
21 25 30 36 37 47 42
12 23 28 34 39 46 44
08 11 15 19 34 37 25
09 23 30 32 34 40 25
01 07 16 28 31 48 18
03 08 11 15 18 40 41
02 15 41 42 44 46 40
12 14 19 39 41 48 33
01 05 10 22 30 34 42
04 07 29 35 40 46 17